ENSEMBL ID	Human_Kidney_Relative_Gene_Expression_Difference(RPKM)	Chimp_Kidney_Relative_Gene_Expression_Difference(RPKM)	Rhesus_Monkey_Kidney_Relative_Gene_Expression_Difference(RPKM)
ENSG00000000003	0.28327364680575007	0.3286471898638507	0.38807916333039916
ENSG00000000005	0.18484028591275978	0.7298425164411587	0.08531719764608157
ENSG00000000419	0.3432131967473726	0.30451794525409337	0.35226885799853397
ENSG00000000457	0.22043135777496417	0.47052194147515214	0.3090467007498838
ENSG00000000460	0.47494383665518236	0.3564628661557521	0.16859329718906557
ENSG00000000938	0.2755003035734746	0.5632519370094918	0.1612477594170336
ENSG00000000971	0.18982409322688515	0.2691621821016063	0.5410137246715085
ENSG00000001036	0.40836187791822637	0.3166270488629089	0.2750110732188647
ENSG00000001084	0.20905945270906956	0.5550644530642401	0.23587609422669045
ENSG00000001167	0.23636764696044293	0.43444195065597957	0.32919040238357744
ENSG00000001460	0.33956265209704134	0.49216595008844183	0.16827139781451686
ENSG00000001461	0.24689331075397103	0.3173726731778035	0.4357340160682254
ENSG00000001497	0.41274322725410967	0.28234191103939815	0.3049148617064921
ENSG00000001561	0.21812670652239227	0.4045285326614029	0.3773447608162048
ENSG00000001617	0.4352857275864977	0.28669758983977006	0.2780166825737323
ENSG00000001626	0.9706854418022717	0.00766029440677861	0.02165426379094972
ENSG00000001629	0.3187595941519038	0.3285033178447623	0.35273708800333387
ENSG00000001630	0.3834838423231937	0.37563962206217283	0.24087653561463332
ENSG00000001631	0.4081400626100914	0.4021958575241647	0.18966407986574388
ENSG00000002016	0.34193454323423744	0.35374897794747356	0.30431647881828894
ENSG00000002330	0.32674899208361496	0.371178801294194	0.302072206622191
ENSG00000002549	0.13861001031249412	0.5240037886929783	0.33738620099452765
ENSG00000002726	0.2044583803221394	0.21148370060427882	0.5840579190735817
ENSG00000002745	0.15670183912551447	0.6498436981831747	0.19345446269131095
ENSG00000002746	0.07955379424655591	0.23327956289073484	0.6871666428627093
ENSG00000002822	0.3161456218703478	0.3910681505078582	0.292786227621794
ENSG00000002834	0.28115485072723384	0.369451311022461	0.34939383825030523
ENSG00000002919	0.2462417255739236	0.2557212480213329	0.4980370264047436
ENSG00000002933	0.3401004567411295	0.5093175520601567	0.1505819911987139
ENSG00000003056	0.25302042519869655	0.3494657700839215	0.3975138047173819
ENSG00000003096	0.1829982701517435	0.4145743914662871	0.40242733838196937
ENSG00000003137	0.7673220962121765	0.15543751634928732	0.07724038743853616
ENSG00000003147	0.43158083043297996	0.3714417485677106	0.19697742099930954
ENSG00000003249	0.17511923452913472	0.48066610295890905	0.34421466251195626
ENSG00000003393	0.3056776867128091	0.29522034313035955	0.39910197015683135
ENSG00000003402	0.31552375207608596	0.3655628834192885	0.3189133645046255
ENSG00000003436	0.23461090667813614	0.515511708582435	0.2498773847394289
ENSG00000003509	0.3449223837728413	0.3131491212925159	0.34192849493464283
ENSG00000003756	0.39639529379799726	0.3329684118541754	0.2706362943478274
ENSG00000003987	0.42368317133813055	0.1860459600394507	0.3902708686224188
ENSG00000003989	0.35736546612128517	0.416746061367186	0.22588847251152877
ENSG00000004059	0.3854117506348927	0.35500835163779565	0.25957989772731155
ENSG00000004139	0.5380391578814272	0.37610475260257814	0.08585608951599452
ENSG00000004399	0.4474083274846714	0.3576024112552582	0.19498926126007027
ENSG00000004455	0.14841863650276563	0.4208646686952258	0.4307166948020086
ENSG00000004468	0.042860800812323845	0.5450601427842845	0.4120790564033916
ENSG00000004478	0.2700485873054573	0.38319511848011834	0.34675629421442433
ENSG00000004487	0.35740152604365	0.38727775617618554	0.2553207177801645
ENSG00000004534	0.47204234386220584	0.44507620284340016	0.08288145329439393
ENSG00000004660	0.4562455575335147	0.3181421274951796	0.22561231497130568
ENSG00000004700	0.31847125413246474	0.4630727866279169	0.21845595923961836
ENSG00000004766	0.2945078651862163	0.3260659549129411	0.3794261799008427
ENSG00000004776	0.21850656809784708	0.48766241291439144	0.29383101898776154
ENSG00000004777	0.29410212567402916	0.20688856198634337	0.4990093123396274
ENSG00000004779	0.20008077999354287	0.24348774743989307	0.556431472566564
ENSG00000004799	0.1693890793937997	0.7720421267357254	0.05856879387047487
ENSG00000004809	0.12766862666195739	0.7181305530413913	0.15420082029665128
ENSG00000004838	0.5616954772025167	0.11656468608371941	0.321739836713764
ENSG00000004846	1.0	0.0	0.0
ENSG00000004848	1.0	0.0	0.0
ENSG00000004864	0.18548510314122424	0.4284166309011093	0.38609826595766633
ENSG00000004866	0.3346203882794338	0.33945933634992087	0.3259202753706454
ENSG00000004897	0.3106140231494614	0.3545932993694212	0.33479267748111735
ENSG00000004939	0.3274108839492968	0.206440854273527	0.4661482617771763
ENSG00000004948	0.11038478843819538	0.274841397979882	0.6147738135819226
ENSG00000004961	0.4585477351122873	0.25805668059910125	0.2833955842886115
ENSG00000004975	0.4127939008632374	0.27815224576206926	0.3090538533746933
ENSG00000005001	0.2805161628595265	0.35765565946965777	0.36182817767081565
ENSG00000005007	0.24368365403503886	0.30330368810549635	0.4530126578594648
ENSG00000005020	0.25386417090400826	0.38149792225124857	0.3646379068447432
ENSG00000005022	0.36496137020716646	0.26572223439785986	0.36931639539497374
ENSG00000005059	0.3868206302925811	0.45484981101482436	0.15832955869259452
ENSG00000005073	0.13682584049837435	0.36437289734387085	0.4988012621577549
ENSG00000005075	0.19103118623551707	0.2878327673092527	0.5211360464552303
ENSG00000005100	0.3550879756974184	0.37804730803044195	0.26686471627213965
ENSG00000005102	0.8927944190378186	0.10720558096218133	0.0
ENSG00000005108	0.458956771553425	0.301792754640356	0.23925047380621897
ENSG00000005156	0.3697994225352944	0.36339771257845666	0.26680286488624894
ENSG00000005175	0.32086022339720516	0.3607257930468923	0.31841398355590256
ENSG00000005187	0.2860557012005694	0.3609193535754847	0.3530249452239459
ENSG00000005189	0.28304448113623204	0.35991811622682324	0.35703740263694467
ENSG00000005194	0.31037832206435473	0.3212433935360617	0.36837828439958353
ENSG00000005206	0.3733964894311935	0.23133173080983604	0.3952717797589705
ENSG00000005238	0.3497384593677104	0.37460041647729564	0.275661124154994
ENSG00000005243	0.29237967193594894	0.2517167710371673	0.4559035570268836
ENSG00000005249	0.28758326059867295	0.542878207577906	0.16953853182342113
ENSG00000005302	0.296916065990573	0.39230510947326636	0.3107788245361607
ENSG00000005339	0.34658662904921134	0.3287591745890466	0.32465419636174214
ENSG00000005379	0.3558834392420971	0.3351561234155689	0.308960437342334
ENSG00000005381	0.1450011678906993	0.8549988321093007	0.0
ENSG00000005421	0.7979118529097576	0.0	0.2020881470902424
ENSG00000005436	0.4807225500808617	0.35131269357364825	0.16796475634549007
ENSG00000005448	0.2695180331571611	0.22009954145922758	0.5103824253836113
ENSG00000005469	0.17042631195375826	0.23431135292710475	0.595262335119137
ENSG00000005471	0.563513826493073	0.10445516065389164	0.33203101285303527
ENSG00000005483	0.3332349117892209	0.3244574653430787	0.34230762286770033
ENSG00000005486	0.47915036307989406	0.36196405085873823	0.15888558606136774
ENSG00000005513	0.5234712326468363	0.19705379190862116	0.2794749754445427
ENSG00000005700	0.24530804832871356	0.3897545167714588	0.3649374348998276
ENSG00000005810	0.2801931947250347	0.3181023734079821	0.4017044318669831
ENSG00000005812	0.30560575382753646	0.3574560397458724	0.3369382064265912
ENSG00000005844	0.27992186585321427	0.6056675622318622	0.11441057191492345
ENSG00000005882	0.3375769128870791	0.2911924788956968	0.371230608217224
ENSG00000005884	0.39244702309510976	0.28739892725144667	0.3201540496534436
ENSG00000005889	0.2707323798320022	0.3736136874909706	0.3556539326770272
ENSG00000005893	0.36916180016407757	0.29707629930301954	0.33376190053290294
ENSG00000005955	0.3557937604722181	0.3656218695559647	0.2785843699718171
ENSG00000005961	0.7772423493912783	0.15256226897334818	0.07019538163537352
ENSG00000005981	0.3981305385180715	0.6018694614819285	0.0
ENSG00000006007	0.2835628297763265	0.3261112072612036	0.3903259629624699
ENSG00000006015	0.3799414976113361	0.3350907040882699	0.284967798300394
ENSG00000006016	0.5662813324932151	0.42120427145833206	0.01251439604845282
ENSG00000006025	0.4168901826491063	0.32037907219148	0.2627307451594136
ENSG00000006042	0.4085823150645956	0.34120273714445115	0.25021494779095327
ENSG00000006047	0.6007902633318495	0.040797713367818185	0.35841202330033245
ENSG00000006059	1.0	0.0	0.0
ENSG00000006062	0.30929177957412973	0.42559822657772584	0.26510999384814443
ENSG00000006071	0.4685014316259856	0.16726595753776474	0.3642326108362497
ENSG00000006074	0.4157356008216901	0.58426439917831	0.0
ENSG00000006075	0.8574830993655785	0.12295388391052649	0.019563016723894867
ENSG00000006114	0.21223746916171138	0.307909557577879	0.47985297326040965
ENSG00000006116	0.0	1.0	0.0
ENSG00000006118	0.6856209960248607	0.21225585442365846	0.10212314955148091
ENSG00000006125	0.3032711589725828	0.40667380595814345	0.29005503506927377
ENSG00000006128	0.0	0.9118474988686373	0.08815250113136269
ENSG00000006194	0.36368002787358	0.24879286267060913	0.387527109455811
ENSG00000006210	0.6584981217966853	0.3415018782033147	0.0
ENSG00000006282	0.45839437045115805	0.35800563355750764	0.1835999959913344
ENSG00000006283	0.8334788142755324	0.06077366955850666	0.10574751616596083
ENSG00000006327	0.3279948957201777	0.572307632691371	0.09969747158845128
ENSG00000006377	1.0	0.0	0.0
ENSG00000006432	0.22769339857765727	0.29387216425381185	0.4784344371685308
ENSG00000006451	0.46474559222659956	0.32822972734029987	0.20702468043310057
ENSG00000006453	0.42921890230028736	0.32780364335509155	0.24297745434462115
ENSG00000006459	0.3631292721819937	0.3401414813566178	0.29672924646138854
ENSG00000006468	0.1679891760238082	0.322977075476769	0.5090337484994228
ENSG00000006530	0.26501207517166214	0.46308588922213184	0.271902035606206
ENSG00000006555	0.11123167354389146	0.38007398595952474	0.5086943404965839
ENSG00000006576	0.40919942831438716	0.25309829179641113	0.33770227988920165
ENSG00000006606	0.2029849264940816	0.0	0.7970150735059184
ENSG00000006607	0.2989227662680354	0.3835103967158889	0.31756683701607574
ENSG00000006611	0.2703937657397149	0.31923739176095384	0.41036884249933125
ENSG00000006625	0.32136786186273886	0.3713687461599336	0.30726339197732744
ENSG00000006634	0.5693041854075235	0.3087844332150702	0.1219113813774065
ENSG00000006638	0.33937562196779963	0.3867073199890179	0.2739170580431825
ENSG00000006652	0.44519097899795557	0.4551079114091915	0.09970110959285296
ENSG00000006695	0.2148886158133463	0.3849180841109671	0.4001933000756865
ENSG00000006704	0.38675131859729295	0.3236041826770323	0.2896444987256747
ENSG00000006712	0.405567084503631	0.35486681061616004	0.23956610488020905
ENSG00000006715	0.27047333476516067	0.4760545419623865	0.25347212327245283
ENSG00000006740	0.3182371581969964	0.25920361130801645	0.42255923049498717
ENSG00000006744	0.42795067995603253	0.3507426150031064	0.22130670504086106
ENSG00000006747	0.5284202951044722	0.23814291974838153	0.23343678514714636
ENSG00000006757	0.7604441915909128	0.21681006729947086	0.022745741109616406
ENSG00000006788	0.32975390563888346	0.0	0.6702460943611165
ENSG00000006831	0.3122623203937625	0.339510776857053	0.34822690274918455
ENSG00000006837	0.39666820577534484	0.38154926055825794	0.2217825336663972
ENSG00000007001	0.3718135017181166	0.6268855672024445	0.0013009310794390892
ENSG00000007038	0.5678925664950575	0.014313129361966591	0.4177943041429759
ENSG00000007047	0.4026383100456301	0.30826484447391317	0.2890968454804567
ENSG00000007062	0.18534194043403673	0.6536296529245273	0.161028406641436
ENSG00000007080	0.3621433262341697	0.3630275618482146	0.2748291119176157
ENSG00000007168	0.2540198236738176	0.4112254095775722	0.33475476674861027
ENSG00000007171	0.5867950229818827	0.3031400573404561	0.11006491967766124
ENSG00000007174	0.5278347853133166	0.2650074909271436	0.2071577237595397
ENSG00000007202	0.308211903427763	0.3771977685788446	0.31459032799339254
ENSG00000007216	0.11773059049584357	0.3644932246676764	0.51777618483648
ENSG00000007237	0.2961537793432249	0.49258001240005134	0.21126620825672385
ENSG00000007255	0.7045223614556637	0.0	0.2954776385443363
ENSG00000007264	0.7585188605326165	0.12599121995858326	0.11548991950880025
ENSG00000007312	0.4516835650833239	0.25048314694108	0.29783328797559616
ENSG00000007314	0.6557518853333216	0.1931921024794879	0.15105601218719034
ENSG00000007341	0.2621249353767478	0.3310791057112397	0.4067959589120125
ENSG00000007350	0.4051490578370636	0.36170022315480943	0.23315071900812684
ENSG00000007372	1.0	0.0	0.0
ENSG00000007376	0.36119207263923536	0.2157205428199163	0.42308738454084843
ENSG00000007384	0.3594600859457802	0.37974185164901114	0.26079806240520864
ENSG00000007392	0.4560844699110051	0.34068221524883163	0.20323331484016316
ENSG00000007402	0.32551050194612424	0.6518098903796364	0.0226796076742393
ENSG00000007516	0.7597355091874696	0.15901101782320157	0.08125347298932899
ENSG00000007520	0.5016309335234472	0.2235047700438722	0.27486429643268073
ENSG00000007541	0.40598013215109013	0.18528886828428245	0.4087309995646274
ENSG00000007545	0.3429814296209033	0.33970716435101306	0.3173114060280837
ENSG00000007866	0.3146005095802482	0.43104887796309543	0.2543506124566564
ENSG00000007908	0.12311249164539301	0.7160147779619377	0.16087273039266928
ENSG00000007923	0.3073878356861158	0.3865015960671031	0.3061105682467812
ENSG00000007933	0.1927900385764788	0.22538334260675458	0.5818266188167667
ENSG00000007944	0.28912407219815645	0.29601232578645476	0.41486360201538885
ENSG00000007952	0.0	0.0	1.0
ENSG00000007968	0.8608140397728421	0.07670150168554304	0.06248445854161473
ENSG00000008018	0.33006921277388374	0.38812070704783547	0.2818100801782808
ENSG00000008056	0.7660672127456999	0.09065427104642025	0.14327851620787976
ENSG00000008083	0.4039825945150308	0.22901153894349308	0.36700586654147616
ENSG00000008086	0.16602242835966416	0.22021102400067505	0.6137665476396609
ENSG00000008118	0.6565147678024813	0.3434852321975187	0.0
ENSG00000008128	0.3427634631959077	0.32640679548759893	0.33082974131649323
ENSG00000008130	0.18018435039480982	0.265754932177123	0.5540607174280673
ENSG00000008196	0.14164921632619493	0.4302844391412686	0.4280663445325365
ENSG00000008197			
ENSG00000008226	0.21867483795193343	0.7190592487377954	0.06226591331027117
ENSG00000008256	0.3286814560896384	0.4393006529647424	0.23201789094561912
ENSG00000008277	0.41115617100564367	0.5351600057351025	0.05368382325925382
ENSG00000008282	0.18259187778743757	0.28745170587161467	0.5299564163409477
ENSG00000008283	0.30591211086423936	0.2717904956015623	0.42229739353419815
ENSG00000008294	0.38794511516115543	0.40568433805636184	0.20637054678248265
ENSG00000008300	0.606764593505142	0.3237236313685433	0.06951177512631464
ENSG00000008311	0.41887787232445256	0.23882892126493663	0.3422932064106109
ENSG00000008323	0.3885286918463208	0.39907898583605567	0.21239232231762353
ENSG00000008324	0.2787827251423337	0.2534636303499838	0.4677536445076825
ENSG00000008382	0.3201289917901634	0.353742247448284	0.32612876076155245
ENSG00000008394	0.28035071388300964	0.12371234795711279	0.5959369381598776
ENSG00000008405	0.2918274940949929	0.4265398613722541	0.281632644532753
ENSG00000008441	0.44833891084549055	0.23471765160154842	0.316943437552961
ENSG00000008513	0.4707390018979821	0.2742733718740569	0.254987626227961
ENSG00000008516	0.6490256782900686	0.20852030720727427	0.14245401450265716
ENSG00000008710	0.4446677560315892	0.2662522204806119	0.2890800234877989
ENSG00000008735	0.5299006262978466	0.06601651731550938	0.40408285638664404
ENSG00000008838	0.3458601212651442	0.4413965247291358	0.21274335400572003
ENSG00000008853	0.5872441109509657	0.2362171016687866	0.1765387873802477
ENSG00000008869	0.367461573230177	0.2380146312461505	0.3945237955236726
ENSG00000008952	0.31093183048774165	0.36778125827376834	0.32128691123848996
ENSG00000008988	0.619410286760449	0.31532811251171616	0.06526160072783488
ENSG00000009307	0.27559495374573334	0.3480013449578793	0.37640370129638734
ENSG00000009335	0.32715775540958325	0.36544633853683367	0.307395906053583
ENSG00000009413	0.27803840151070824	0.46501262085963446	0.2569489776296573
ENSG00000009694	0.4566088799226542	0.5107486390583855	0.03264248101896013
ENSG00000009709	1.0	0.0	0.0
ENSG00000009724	0.3273336052110732	0.1581464024214579	0.5145199923674689
ENSG00000009765	0.12529133024468006	0.13781749665885765	0.7368911730964623
ENSG00000009780	0.32467526944721375	0.337982725137854	0.33734200541493214
ENSG00000009790	0.3180725929562825	0.4062057467901576	0.2757216602535599
ENSG00000009830	0.26609390005996536	0.24620559788885857	0.48770050205117604
ENSG00000009844	0.28644208905184126	0.3661859071185276	0.3473720038296311
ENSG00000009950	0.11122954827455311	0.2229555627933589	0.665814888932088
ENSG00000009954	0.28790959487922235	0.4220613298849428	0.2900290752358347
ENSG00000010017	0.3468831944362865	0.4093068989555288	0.24380990660818463
ENSG00000010072	0.2868847669812627	0.35000711524146344	0.36310811777727386
ENSG00000010165	0.38506629438295054	0.3271180755956309	0.2878156300214186
ENSG00000010219	0.4429506956695983	0.5561621983656118	0.0008871059647899205
ENSG00000010244	0.35330670132383796	0.38385652600438286	0.26283677267177924
ENSG00000010256	0.30728137263752026	0.3029036882714583	0.38981493909102144
ENSG00000010270	0.25228334154729476	0.2655162030619014	0.482200455390804
ENSG00000010278	0.41739923824564973	0.42615265273417025	0.15644810902017997
ENSG00000010292	0.3525539072595877	0.4972771661909675	0.15016892654944486
ENSG00000010295	0.47581583679744677	0.22420381628284725	0.2999803469197059
ENSG00000010318	0.3855273760010907	0.10114263068869159	0.5133299933102177
ENSG00000010319	0.27337973148300765	0.36670064479263254	0.3599196237243598
ENSG00000010322	0.3759338255519996	0.27547035117516844	0.34859582327283206
ENSG00000010327	0.32995266637034143	0.3356960940779104	0.33435123955174817
ENSG00000010361	0.3396499226614762	0.29876503375943503	0.36158504357908877
ENSG00000010379	0.411239308299738	0.2229263980815834	0.3658342936186787
ENSG00000010404	0.2897165501908609	0.31424912146974965	0.39603432833938934
ENSG00000010610	0.26758957888836143	0.5182751010472944	0.21413532006434424
ENSG00000010626	0.4009155151409902	0.5883031420882485	0.010781342770761291
ENSG00000010671	0.5161021930047078	0.3639887316902638	0.11990907530502827
ENSG00000010704	0.2625491554198768	0.25765717742388555	0.47979366715623767
ENSG00000010803	0.31478023366108066	0.309108214913096	0.3761115514258233
ENSG00000010810	0.5332321682934456	0.30369762424762764	0.1630702074589268
ENSG00000010818	0.3266430912974557	0.4344997167458719	0.2388571919566724
ENSG00000010932	0.2296325323853617	0.22229634001568946	0.5480711275989487
ENSG00000011007	0.23283544892069533	0.38553422242984126	0.3816303286494635
ENSG00000011009	0.21231132582440423	0.39722888648445226	0.3904597876911436
ENSG00000011021	0.3434601250077663	0.2709728080139992	0.3855670669782344
ENSG00000011028	0.3226616477161544	0.396820691022397	0.28051766126144856
ENSG00000011052	0.5175638154780243	0.1364391212601674	0.3459970632618083
ENSG00000011083	0.17172220996275803	0.08428696337387145	0.7439908266633705
ENSG00000011105	0.37929930757410885	0.2549896783726248	0.3657110140532664
ENSG00000011114	0.23883472610532305	0.36795128456645665	0.39321398932822027
ENSG00000011132	0.21567743460388403	0.3692442851479502	0.4150782802481657
ENSG00000011143	0.2680474813860573	0.37841991736419256	0.35353260124975017
ENSG00000011198	0.2443510772131401	0.5397902070338291	0.21585871575303098
ENSG00000011243	0.39355850625636507	0.3009931047008686	0.30544838904276644
ENSG00000011258	0.3039849875837365	0.3015784630578481	0.39443654935841543
ENSG00000011260	0.46287255611529227	0.14276565146086323	0.3943617924238445
ENSG00000011275	0.262358832447652	0.41019461784203165	0.32744654971031645
ENSG00000011304	0.32999917728110506	0.39422310966686913	0.2757777130520258
ENSG00000011332	0.0	0.8872678484728311	0.11273215152716883
ENSG00000011347	0.7812761861454735	0.10730223907214206	0.11142157478238453
ENSG00000011376	0.314052643099791	0.3848662692380566	0.30108108766215236
ENSG00000011405	0.3348272217453455	0.3854461633483952	0.2797266149062593
ENSG00000011422	0.41699941039695243	0.5350904600445439	0.047910129558503455
ENSG00000011426	0.7043927431038725	0.23708017497133238	0.058527081924795346
ENSG00000011451	0.39010744431040334	0.2848794421190955	0.32501311357050117
ENSG00000011454	0.3059426457423799	0.3543625438997166	0.33969481035790344
ENSG00000011465	0.23270016092408422	0.567303305751952	0.19999653332396392
ENSG00000011478	0.3935922581082025	0.3302297883677658	0.2761779535240318
ENSG00000011485	0.35047414884380174	0.285387462981927	0.36413838817427135
ENSG00000011523	0.353885788868121	0.37468427539098914	0.2714299357408898
ENSG00000011566	0.17953709998850642	0.36150227242178024	0.45896062758971345
ENSG00000011590	0.2107373547255003	0.4309790067692881	0.35828363850521167
ENSG00000011600	0.4664229954724633	0.4186545871758218	0.11492241735171481
ENSG00000011638	0.4988191089701944	0.35932043116050233	0.1418604598693033
ENSG00000011677	1.0	0.0	0.0
ENSG00000012048	0.423379225164806	0.19477578720799957	0.3818449876271944
ENSG00000012061	0.36890822948925334	0.42165412782716155	0.20943764268358506
ENSG00000012124	0.9558963826882725	0.032976013890808446	0.011127603420919018
ENSG00000012171	0.2497501510283391	0.22249616381802148	0.5277536851536393
ENSG00000012174	0.36193016257691135	0.3087103474500242	0.32935948997306447
ENSG00000012211	0.42423067254080943	0.31562899897573377	0.26014032848345675
ENSG00000012223	0.011907577483873485	0.9852610244418142	0.0028313980743122683
ENSG00000012232	0.2453745986710303	0.3362719278048921	0.41835347352407753
ENSG00000012504	0.3803903047158998	0.38177669246921936	0.2378330028148808
ENSG00000012660	0.42720858275369344	0.37860129902849604	0.1941901182178105
ENSG00000012779	0.6536344126691683	0.2726964683262698	0.07366911900456186
ENSG00000012822	0.4119295404028516	0.35342364258206116	0.23464681701508722
ENSG00000012963	0.3042920944281892	0.3344622074606367	0.36124569811117413
ENSG00000012983	0.32893736269637575	0.41630397398041236	0.25475866332321195
ENSG00000013016	0.282708192009187	0.3623782574513728	0.35491355053944024
ENSG00000013275	0.31116871553470404	0.3620157981058925	0.32681548635940333
ENSG00000013288	0.39386027161535664	0.30777311659306406	0.2983666117915794
ENSG00000013293	0.4165653506592267	0.534726520157027	0.0487081291837463
ENSG00000013297	0.15519329355564943	0.742829143800531	0.10197756264381953
ENSG00000013306	0.3840884414844244	0.4110904781304793	0.2048210803850963
ENSG00000013364	0.30985417170151963	0.41686046941415633	0.27328535888432404
ENSG00000013374	0.311852459574728	0.3880065624155511	0.30014097800972084
ENSG00000013375	0.21052956185089222	0.4655401796803197	0.3239302584687881
ENSG00000013392	0.5862657003246647	0.25597998970540636	0.15775430996992895
ENSG00000013441	0.34082378732949703	0.319941857344459	0.33923435532604396
ENSG00000013503	0.3092966751957547	0.248998209476744	0.44170511532750123
ENSG00000013523	0.3006674836628791	0.30540874570824683	0.39392377062887407
ENSG00000013561	0.3011239119739038	0.44778354915582025	0.2510925388702758
ENSG00000013563	0.5101325380485298	0.25982658006121107	0.23004088189025915
ENSG00000013583	0.38107682166115636	0.28121933818782013	0.33770384015102345
ENSG00000013588	0.5451826426374536	0.12274028187001208	0.3320770754925344
ENSG00000013619	0.2672927763864321	0.5126329085251842	0.22007431508838377
ENSG00000013725	0.21418951600981226	0.2951581952317665	0.49065228875842126
ENSG00000013810	0.7459609845269579	0.21086430639362472	0.04317470907941735
ENSG00000014123	0.3453492654123583	0.3593266850797113	0.29532404950793045
ENSG00000014138	0.5721181320741469	0.33665151760173756	0.0912303503241156
ENSG00000014164	0.39653335285279234	0.26582281532546365	0.33764383182174407
ENSG00000014216	0.3378211482425589	0.35624868956034333	0.3059301621970977
ENSG00000014257	0.29330394389994163	0.4105140455897695	0.2961820105102888
ENSG00000014641	0.20278561274489842	0.3262123454299517	0.4710020418251499
ENSG00000014824	0.2962388294315893	0.43533389122106164	0.268427279347349
ENSG00000014914	0.36284667269084264	0.6000288143413174	0.03712451296784003
ENSG00000014919	0.23279879280040458	0.38228194174358854	0.38491926545600685
ENSG00000015133	0.210532940438794	0.27806284768232375	0.5114042118788822
ENSG00000015153	0.40557057388852996	0.35442281992706504	0.24000660618440495
ENSG00000015171	0.2704616770520857	0.31938830190984013	0.4101500210380743
ENSG00000015413	0.18267150874024254	0.1631447303664238	0.6541837608933336
ENSG00000015475	0.25723926351934473	0.32746028799212556	0.41530044848852976
ENSG00000015479	0.41421154755014505	0.4366569835819378	0.1491314688679171
ENSG00000015520	0.7138280501769695	0.01811740064700788	0.2680545491760226
ENSG00000015532	0.39147449637649245	0.3048152907988263	0.3037102128246813
ENSG00000015592	0.9561763003401538	0.043823699659846255	0.0
ENSG00000015676	0.31241482604081844	0.3102610381081971	0.37732413585098445
ENSG00000016082	0.0	1.0	0.0
ENSG00000016391	0.11560391507852469	0.20226210457121863	0.6821339803502566
ENSG00000016402	0.022976825630841982	0.1026198380722011	0.874403336296957
ENSG00000016490	0.9841135441631573	0.015886455836842613	0.0
ENSG00000016602	1.0	0.0	0.0
ENSG00000016864	0.3718728520973055	0.2999265050200405	0.3282006428826541
ENSG00000017260	0.28973933749255093	0.44815531210916165	0.26210535039828753
ENSG00000017373	0.714870381229669	0.12041734493686126	0.16471227383346979
ENSG00000017427	0.13964462760942195	0.32652594204261404	0.533829430347964
ENSG00000017483	0.5047035079597648	0.3304895760660292	0.16480691597420613
ENSG00000017621	0.3480758185749752	0.2014930363759041	0.4504311450491207
ENSG00000017797	0.30811044193302906	0.3822863457259485	0.3096032123410225
ENSG00000018189	0.28340696937886145	0.30705474264734656	0.40953828797379194
ENSG00000018236	0.2876224821406149	0.6052833493216881	0.10709416853769697
ENSG00000018280	0.18710989099362496	0.30591979163903477	0.5069703173673401
ENSG00000018408	0.29543411586125023	0.38617239859213354	0.3183934855466163
ENSG00000018510	0.2645756504992883	0.4286875461237815	0.3067368033769302
ENSG00000018610	0.47002258112543277	0.10745374906313244	0.42252366981143474
ENSG00000018625	0.4732830000784686	0.24450580246722728	0.2822111974543041
ENSG00000018699	0.3439259248602193	0.3601628541898347	0.2959112209499461
ENSG00000018869	0.6613284725852329	0.24550520244496196	0.09316632496980504
ENSG00000019102	0.9704733255622892	0.02436719524621987	0.005159479191491028
ENSG00000019144	0.2522774688492464	0.282316814213583	0.4654057169371705
ENSG00000019169	0.18930862289131106	0.7512222687860032	0.059469108322685905
ENSG00000019186	0.04598070931647645	0.5339545478735483	0.42006474280997536
ENSG00000019485	0.407086065564101	0.33608917270432875	0.25682476173157026
ENSG00000019505	0.8544152286612877	0.13050292079924142	0.015081850539470821
ENSG00000019549	0.3145535741161896	0.4686554668531806	0.2167909590306297
ENSG00000019582	0.31823158282010783	0.5393240089915293	0.14244440818836285
ENSG00000019991	0.23804833731474945	0.5601958550161716	0.20175580766907897
ENSG00000019995	0.3212764691092715	0.33031843506239544	0.3484050958283332
ENSG00000020129	0.33106529347724717	0.3301891458681436	0.33874556065460926
ENSG00000020181	0.3824645505556727	0.33408654516983133	0.28344890427449604
ENSG00000020256	0.36892934735457	0.31742945399598016	0.3136411986494498
ENSG00000020426	0.33266806287065065	0.3970339186045015	0.2702980185248478
ENSG00000020577	0.2791626989673926	0.6211908681644552	0.09964643286815221
ENSG00000020633	0.671125513973706	0.17540602480484402	0.15346846122144991
ENSG00000020922	0.4752037727876399	0.3332835504457122	0.19151267676664785
ENSG00000021300	0.3135104903987975	0.2092014255708801	0.4772880840303225
ENSG00000021355	0.4059935683561101	0.47254041608584946	0.12146601555804039
ENSG00000021461	0.3390277335842873	0.17550869078259804	0.48546357563311465
ENSG00000021488	0.1559962751593352	0.2900103819539804	0.5539933428866843
ENSG00000021574	0.26676285427589586	0.35250494232811375	0.38073220339599034
ENSG00000021645	0.821873175783809	0.090537022445546	0.08758980177064495
ENSG00000021762	0.38370516074215105	0.18654373758029139	0.4297511016775576
ENSG00000021776	0.2997195627012711	0.34313184959338044	0.3571485877053484
ENSG00000021826	0.59349058921692	0.3968424141258816	0.009666996657198416
ENSG00000021852	0.0	0.8421458005265615	0.15785419947343837
ENSG00000022267	0.39148816829627087	0.2986637756558221	0.30984805604790694
ENSG00000022277	0.3767056077075036	0.3767760426075405	0.2465183496849558
ENSG00000022355	0.18888895136234385	0.371220281171977	0.43989076746567923
ENSG00000022556	0.9909549657579412	0.009045034242058797	0.0
ENSG00000022567	0.46559891997645636	0.3730004618940585	0.161400618129485
ENSG00000022840	0.2955270332143295	0.4093433444157492	0.2951296223699213
ENSG00000022976	0.5079048207240335	0.3081992340164804	0.18389594525948594
ENSG00000023041	0.31271583360040106	0.4123835387544	0.2749006276451988
ENSG00000023171	0.17670097263799703	0.21783249786017553	0.6054665295018274
ENSG00000023191	0.3375229303478077	0.3252488738520417	0.33722819580015057
ENSG00000023228	0.2316747080644454	0.4256806454826525	0.3426446464529021
ENSG00000023287	0.2802264418089418	0.3418792453689256	0.3778943128221326
ENSG00000023318	0.2960879470361821	0.44782837995592034	0.25608367300789747
ENSG00000023330	0.32673621796947333	0.3772448198231209	0.29601896220740564
ENSG00000023445	0.24722938588555532	0.6128283799357388	0.13994223417870588
ENSG00000023572	0.19078098854776024	0.4223281253990453	0.3868908860531943
ENSG00000023608	0.3242362780100857	0.34147854354500373	0.3342851784449106
ENSG00000023697	0.3577386283270653	0.43587942920216527	0.2063819424707694
ENSG00000023734	0.39732768214997477	0.4700742527953431	0.1325980650546822
ENSG00000023892	0.37969421593661096	0.3754766235218437	0.24482916054154538
ENSG00000023902	0.44198594472126207	0.30352772952443025	0.2544863257543077
ENSG00000023909	0.17093190462002986	0.3915593817195884	0.43750871366038185
ENSG00000024048	0.32673648833212887	0.31656073551327213	0.35670277615459894
ENSG00000024422	0.4760972931265832	0.3380745448000255	0.18582816207339128
ENSG00000024526	0.6775399755627528	0.24876540589383137	0.07369461854341589
ENSG00000024862	0.2874108132782519	0.35780703020619725	0.3547821565155508
ENSG00000025039	0.3953248504691373	0.3737471831018413	0.23092796642902133
ENSG00000025156	0.40426318984445003	0.2848467645217864	0.3108900456337636
ENSG00000025293	0.3495491716874343	0.3358113807628628	0.3146394475497028
ENSG00000025423	0.05891442522933812	0.02688341736773449	0.9142021574029274
ENSG00000025434	0.48552133515708407	0.33757574322233985	0.17690292162057616
ENSG00000025708	0.23304144256983078	0.6292139901181886	0.1377445673119806
ENSG00000025770	0.31642021892418437	0.26741190294054334	0.4161678781352723
ENSG00000025772	0.33513162008786873	0.5787018200716875	0.08616655984044383
ENSG00000025796	0.29577634372420625	0.44838520243904684	0.25583845383674697
ENSG00000025800	0.19032397836172932	0.32451373774350734	0.48516228389476346
ENSG00000026025	0.5757386538641256	0.25831987293308434	0.16594147320279004
ENSG00000026036	0.31831670639218823	0.43518322108670543	0.24650007252110637
ENSG00000026103	0.367754879685993	0.5493767941774558	0.08286832613655121
ENSG00000026297	0.4500713253448555	0.2914978086649611	0.2584308659901835
ENSG00000026508	0.18425418737909935	0.6257972821414646	0.18994853047943597
ENSG00000026652	0.4986930807507322	0.4095885929828679	0.09171832626639989
ENSG00000026751	0.3288920983286165	0.5876188005671465	0.08348910110423688
ENSG00000027001	0.168761415670572	0.2929527524174064	0.5382858319120216
ENSG00000027075	0.2920165499180585	0.32385186842663205	0.3841315816553095
ENSG00000027644	0.10792818576568544	0.12265937424722503	0.7694124399870895
ENSG00000027697	0.3027366854851962	0.46557242374523633	0.23169089076956753
ENSG00000027847	0.343826631279386	0.3595795792638094	0.2965937894568046
ENSG00000027869	0.5987374411394326	0.27713077853669743	0.12413178032386991
ENSG00000028116	0.3494169086923946	0.49610963753227344	0.15447345377533184
ENSG00000028137	0.2629232514434184	0.5259114328752761	0.2111653156813056
ENSG00000028203	0.40528749719301094	0.4344343193468885	0.1602781834601007
ENSG00000028277	0.2821304749409348	0.5050458688573216	0.21282365620174354
ENSG00000028310	0.27409420977925847	0.2217220814964742	0.5041837087242674
ENSG00000028528	0.2203407371701413	0.341756750878468	0.43790251195139057
ENSG00000028839	0.3846949621796692	0.38780649269978895	0.22749854512054182
ENSG00000029153	0.31646393495171865	0.27333255726350253	0.4102035077847788
ENSG00000029363	0.3016045391543999	0.3713603896274078	0.32703507121819214
ENSG00000029364	0.20175164325286465	0.3174180198551406	0.4808303368919947
ENSG00000029534	0.5487921704879246	0.10249196800648341	0.3487158615055919
ENSG00000029559	0.5960474188768259	0.1950875960462557	0.2088649850769184
ENSG00000029639	0.26205772345758865	0.2739558555660105	0.4639864209764009
ENSG00000029725	0.2249110427295599	0.3860568064767378	0.38903215079370224
ENSG00000029993	0.4001000621489963	0.42577986362067466	0.17412007423032902
ENSG00000030066	0.33131107752347133	0.4141345984677639	0.2545543240087648
ENSG00000030304	0.0	0.9844745885373452	0.015525411462654848
ENSG00000030419	0.3855226375042286	0.2757461955964001	0.3387311668993712
ENSG00000030582	0.4608859995008417	0.2359386302107578	0.3031753702884004
ENSG00000031003	0.29009139661363176	0.3342262285577758	0.37568237482859246
ENSG00000031081	0.39150380681213265	0.40375094066978423	0.20474525251808312
ENSG00000031691	0.23628331536623332	0.4693022948161867	0.29441438981757995
ENSG00000031698	0.3428284844619803	0.38918445467412177	0.2679870608638979
ENSG00000031823	0.34446823481285455	0.30525903602046195	0.35027272916668345
ENSG00000032219	0.37457610240533035	0.3212873315046668	0.30413656609000295
ENSG00000032389	0.19263204564236044	0.4809473818195831	0.32642057253805634
ENSG00000032444	0.2757257288526904	0.36584207051239553	0.35843220063491404
ENSG00000032742	0.2151740425920758	0.3880658158831478	0.3967601415247764
ENSG00000033011	0.36381186688623557	0.39331672855149813	0.24287140456226625
ENSG00000033030	0.39590193387140404	0.3378686451569824	0.2662294209716137
ENSG00000033050	0.4227450125285155	0.34084449111306436	0.23641049635842
ENSG00000033100	0.39985421854898096	0.3552290059803303	0.24491677547068874
ENSG00000033122	0.39825770350453893	0.1360751835072861	0.4656671129881749
ENSG00000033170	0.3152243966236057	0.48827012863480507	0.19650547474158925
ENSG00000033178	0.36504460829202906	0.40253430137119617	0.2324210903367749
ENSG00000033327	0.36051855586437836	0.3776357680492643	0.26184567608635745
ENSG00000033627	0.20711911590507026	0.3353128887268906	0.45756799536803916
ENSG00000033800	0.3222726261856027	0.36720908118229684	0.3105182926321005
ENSG00000033867	0.30904876734508896	0.6026563110663709	0.08829492158854024
ENSG00000034053	0.4185995612650127	0.5308997074584559	0.050500731276531464
ENSG00000034063	0.8037279171511448	0.11191337455493729	0.08435870829391799
ENSG00000034152	0.23385512532274272	0.47750943798642526	0.288635436690832
ENSG00000034239	0.0	1.0	0.0
ENSG00000034510	0.5179731430471175	0.32607761121688456	0.15594924573599778
ENSG00000034533	0.3418043838449201	0.34249906256752494	0.31569655358755505
ENSG00000034677	0.4383941095881743	0.3592560357149637	0.202349854696862
ENSG00000034693	0.1410804215458361	0.3206724226379712	0.5382471558161926
ENSG00000034713	0.3067687781864583	0.3251165469751101	0.36811467483843174
ENSG00000034971	0.17156723091873652	0.5707451574477802	0.25768761163348325
ENSG00000035115	0.32343738167739855	0.426822490574343	0.2497401277482585
ENSG00000035141	0.5137426546900451	0.4220469438846998	0.06421040142525507
ENSG00000035403	0.31201613416797713	0.45153208931443856	0.23645177651758434
ENSG00000035499	0.7285520708315937	0.03563414515588558	0.23581378401252068
ENSG00000035664	0.493090993425399	0.2770683738907249	0.22984063268387606
ENSG00000035681	0.33996025870286456	0.26912741107812427	0.39091233021901123
ENSG00000035687	0.3787512953984477	0.4064312936989518	0.2148174109026005
ENSG00000035720	0.824396159974747	0.15992337060196854	0.015680469423284493
ENSG00000035862	0.37952846251024963	0.35578469058744333	0.26468684690230715
ENSG00000035928	0.330161682177831	0.2988968020419538	0.3709415157802152
ENSG00000036054	0.3188951475203314	0.2968774828389468	0.38422736964072174
ENSG00000036257	0.26213217391422877	0.39383651386419766	0.3440313122215736
ENSG00000036448	0.6838829981840258	0.19347672738234895	0.12264027443362534
ENSG00000036473	1.0	0.0	0.0
ENSG00000036530	0.4083171887894911	0.30801711871074616	0.28366569249976276
ENSG00000036549	0.2827265033644204	0.38246803761165865	0.334805459023921
ENSG00000036565	0.0	0.0	1.0
ENSG00000036672	0.2759720897731396	0.3894943650664747	0.33453354516038564
ENSG00000036828	0.12515168133890053	0.421985331911132	0.45286298674996744
ENSG00000037042	0.4829042721589674	0.45436768021388074	0.06272804762715184
ENSG00000037241	0.28460736803959513	0.32282801030123237	0.3925646216591724
ENSG00000037280	0.5412340807733332	0.28678162798701845	0.17198429123964828
ENSG00000037474	0.37985260130472615	0.3265179770477816	0.2936294216474923
ENSG00000037637	0.46036356717366733	0.2383116638393971	0.30132476898693544
ENSG00000037749	0.3317954168478348	0.260844338085076	0.40736024506708907
ENSG00000037757	0.4032061711978763	0.1968238091970079	0.39997001960511575
ENSG00000037897	0.39378857154918523	0.20537707941686062	0.40083434903395415
ENSG00000037965	0.29370887525862244	0.3307699406961212	0.3755211840452564
ENSG00000038002	0.2524963486986122	0.36028784729178076	0.3872158040096071
ENSG00000038210	0.1987120999183508	0.35981718608888863	0.4414707139927606
ENSG00000038219	0.37366981857459464	0.37350251866234724	0.25282766276305807
ENSG00000038274	0.2774375577314649	0.31110919080726307	0.411453251461272
ENSG00000038295	0.303053340512828	0.44279654221996434	0.2541501172672076
ENSG00000038358	0.3769734916699247	0.3195718587329177	0.3034546495971575
ENSG00000038382	0.3258316604044636	0.4304216916270839	0.2437466479684525
ENSG00000038427	0.4313934807652841	0.38533905692954534	0.1832674623051707
ENSG00000038532	0.3243452836284831	0.37192643755371635	0.3037282788178006
ENSG00000038945	0.3248408799624303	0.47960883609152	0.19555028394604973
ENSG00000039068	0.3499573979326838	0.34300841863921044	0.3070341834281058
ENSG00000039123	0.3070791285344962	0.3378796989126237	0.35504117255288015
ENSG00000039139	0.8310009096505084	0.16650777733772618	0.002491313011765289
ENSG00000039319	0.32328209536239383	0.35024445272759946	0.3264734519100067
ENSG00000039523	0.3308619616480764	0.3873019844825143	0.28183605386940913
ENSG00000039537	0.06603579986527468	0.46574064130315584	0.4682235588315695
ENSG00000039560	0.21274154863658146	0.29466526724882813	0.4925931841145903
ENSG00000039600	0.5060297350818189	0.49397026491818113	0.0
ENSG00000039650	0.33664439648723143	0.40737911454975834	0.2559764889630101
ENSG00000039987	0.17596513610691808	0.0	0.824034863893082
ENSG00000040199	0.23312046418740046	0.3623684516637948	0.40451108414880477
ENSG00000040275	0.43410634544268173	0.3483494926459935	0.21754416191132475
ENSG00000040341	0.3380561580515135	0.3628870595022109	0.29905678244627554
ENSG00000040487	0.21734123344457174	0.4295771828753825	0.35308158368004583
ENSG00000040531	0.25202773685216556	0.34262109946298736	0.4053511636848471
ENSG00000040608	0.4727220965288678	0.2205779372253204	0.3066999662458118
ENSG00000040633	0.3470373509136544	0.3430874640629952	0.3098751850233505
ENSG00000040731	0.949234917985314	0.0	0.0507650820146859
ENSG00000040933	0.34692664102884935	0.20375923773386587	0.4493141212372848
