ENSEMBL ID	Human_Muscle_Relative_Gene_Expression_Difference(RPKM)	Chimp_Muscle_Relative_Gene_Expression_Difference(RPKM)	Rhesus_Monkey_Muscle_Relative_Gene_Expression_Difference(RPKM)
ENSG00000000003	0.4498738233248319	0.353850405750058	0.19627577092511014
ENSG00000000005	0.5057690921897171	0.11830730238206326	0.37592360542821973
ENSG00000000419	0.3522991595623249	0.37082332718748034	0.27687751325019466
ENSG00000000457	0.200118401182189	0.438752193223438	0.36112940559437295
ENSG00000000460	0.32276283013852797	0.3924905894056783	0.2847465804557937
ENSG00000000938	0.5519218162147688	0.26688001583974325	0.18119816794548804
ENSG00000000971	0.5782195269963601	0.16586354096256375	0.2559169320410762
ENSG00000001036	0.5816026891358866	0.26416263864925804	0.15423467221485537
ENSG00000001084	0.3025927965093356	0.49967659194825476	0.19773061154240962
ENSG00000001167	0.2537482482381746	0.43514975158990715	0.31110200017191825
ENSG00000001460	0.7802157505737621	0.09635022903548673	0.12343402039075102
ENSG00000001461	0.32296959235909894	0.51536507525325	0.16166533238765105
ENSG00000001497	0.3727124849242925	0.29790386986184475	0.32938364521386276
ENSG00000001561	0.22487731210251818	0.43856550906556646	0.33655717883191544
ENSG00000001617	0.34592872271982167	0.37014108821299224	0.283930189067186
ENSG00000001626	1.0	0.0	0.0
ENSG00000001629	0.23124015398900377	0.39919496263613696	0.3695648833748593
ENSG00000001630	0.3076950960751038	0.4672312657461809	0.2250736381787153
ENSG00000001631	0.2915807905510536	0.38576413332004283	0.32265507612890354
ENSG00000002016	0.17779690433418485	0.5329285986683207	0.28927449699749447
ENSG00000002330	0.2909386882360581	0.44662271615651405	0.2624385956074277
ENSG00000002549	0.16446223778939023	0.6746830847408626	0.16085467746974716
ENSG00000002726	0.11881872809692194	0.19792032140356192	0.6832609504995162
ENSG00000002745	0.32908964667369345	0.22607201034615368	0.4448383429801528
ENSG00000002746	0.2870229448979286	0.14060748756497693	0.5723695675370944
ENSG00000002822	0.4608780544746255	0.4065447798949572	0.13257716563041735
ENSG00000002834	0.37991523034505165	0.2749205317668522	0.3451642378880962
ENSG00000002919	0.18749360554390734	0.297334888300676	0.5151715061554166
ENSG00000002933	0.39552358177650876	0.44379915792836805	0.1606772602951231
ENSG00000003056	0.2662500408564543	0.42359086290280634	0.3101590962407393
ENSG00000003096	0.3466202843484202	0.20046340084489842	0.4529163148066815
ENSG00000003137	0.13148038418302233	0.2687780006577935	0.5997416151591842
ENSG00000003147	0.24034350632483728	0.18853513125156934	0.5711213624235932
ENSG00000003249	0.20567258369079075	0.4502213984876392	0.3441060178215701
ENSG00000003393	0.17424943247496621	0.503351559127056	0.3223990083979778
ENSG00000003402	0.2975701177600388	0.6116184273449776	0.09081145489498371
ENSG00000003436	0.18782895240747155	0.7446474669537536	0.06752358063877485
ENSG00000003509	0.3868073883998639	0.271386430678466	0.34180618092167003
ENSG00000003756	0.334901810521932	0.3380608558896258	0.3270373335884422
ENSG00000003987	0.3237521154439249	0.22115031179749622	0.45509757275857887
ENSG00000003989	0.303020955587298	0.41674225470470033	0.2802367897080017
ENSG00000004059	0.39431038363625903	0.3701225099096045	0.2355671064541366
ENSG00000004139	0.4246427470513765	0.1761344615795735	0.3992227913690501
ENSG00000004399	0.367336559385564	0.31673443935295004	0.315929001261486
ENSG00000004455	0.09261265042085438	0.7417734617445785	0.16561388783456713
ENSG00000004468	0.3463556332169735	0.2744866878487502	0.3791576789342763
ENSG00000004478	0.28299734458343706	0.42356376096239823	0.29343889445416466
ENSG00000004487	0.3436893931708598	0.3445535533131236	0.3117570535160165
ENSG00000004534	0.40610068015257333	0.45949511373351	0.13440420611391674
ENSG00000004660	0.33830162907326145	0.49630008415809884	0.16539828676863966
ENSG00000004700	0.2408065110332161	0.5636946781594873	0.1954988108072966
ENSG00000004766	0.21178522027846472	0.367939918422876	0.42027486129865926
ENSG00000004776	0.39268474739837517	0.30587594714307287	0.30143930545855196
ENSG00000004777	0.480873317271631	0.36672024095856026	0.1524064417698087
ENSG00000004779	0.2649674878302015	0.2910082174587439	0.44402429471105453
ENSG00000004799	0.377877625123342	0.5308166727049359	0.09130570217172224
ENSG00000004809	0.0	0.364547791900771	0.6354522080992289
ENSG00000004838	0.38327790550288876	0.337399625728205	0.2793224687689063
ENSG00000004846	0.8445518637227701	0.15544813627722992	0.0
ENSG00000004848	0.08869120367587639	0.31851293593194174	0.5927958603921818
ENSG00000004864	0.4597058794232282	0.43202175446970453	0.10827236610706717
ENSG00000004866	0.3569342280170185	0.25840850080864086	0.3846572711743405
ENSG00000004897	0.2427875684672161	0.49382437722398015	0.2633880543088038
ENSG00000004939	0.9618765137035432	0.0054439370603723775	0.03267954923608449
ENSG00000004948	0.38806827700347907	0.24169478405719602	0.3702369389393249
ENSG00000004961	0.377479233000039	0.28449330241011206	0.33802746458984884
ENSG00000004975	0.3090744710219997	0.3181391142218464	0.372786414756154
ENSG00000005001	1.0	0.0	0.0
ENSG00000005007	0.2490597640642479	0.39619459967782583	0.3547456362579264
ENSG00000005020	0.21470151965451084	0.46958547322062416	0.315713007124865
ENSG00000005022	0.6499745717765518	0.21927855801714613	0.13074687020630216
ENSG00000005059	0.42419957544280956	0.24444738686727435	0.33135303768991614
ENSG00000005073	0.276952286179645	0.23080477259377005	0.4922429412265848
ENSG00000005075	0.26451174250223686	0.26262587983533753	0.47286237766242545
ENSG00000005100	0.20387314867244233	0.5859917825655291	0.21013506876202845
ENSG00000005102	0.576469684803047	0.22809890368316854	0.19543141151378446
ENSG00000005108	0.32202189328751746	0.3401159082679191	0.33786219844456344
ENSG00000005156	0.30660222601577164	0.46160921661758947	0.23178855736663886
ENSG00000005175	0.23405547917065833	0.3927567205473354	0.3731878002820062
ENSG00000005187	0.2229826637693877	0.256360362997538	0.5206569732330744
ENSG00000005189	0.13460534097431698	0.33698194982378527	0.5284127092018976
ENSG00000005194	0.37423081912389855	0.3246335957244556	0.30113558515164573
ENSG00000005206	0.26803842284341217	0.2995103287661404	0.4324512483904475
ENSG00000005238	0.1994893406714077	0.41503393723718685	0.3854767220914054
ENSG00000005243	0.38861282924634755	0.2208163028698954	0.39057086788375706
ENSG00000005249	0.7159491435967843	0.19521114514325985	0.08883971125995575
ENSG00000005302	0.23807527436698092	0.5826284996144764	0.17929622601854264
ENSG00000005339	0.2865814328838789	0.4255069933525447	0.28791157376357635
ENSG00000005379	0.6280493645183758	0.2075201106053869	0.16443052487623744
ENSG00000005381	0.08375679852593183	0.8834835542332367	0.03275964724083158
ENSG00000005421	1.0	0.0	0.0
ENSG00000005436	0.2714371869341854	0.5865455903517143	0.1420172227141004
ENSG00000005448	0.22613197623686634	0.211667229467242	0.5622007942958916
ENSG00000005469	0.2658974392406932	0.3834227746333005	0.3506797861260063
ENSG00000005471	0.5412151138915552	0.21182701538826065	0.24695787072018405
ENSG00000005483	0.263771011473696	0.4124005676414517	0.3238284208848522
ENSG00000005486	0.4853299152476672	0.2002111775929459	0.3144589071593869
ENSG00000005513	0.39382223373294356	0.3304164506806755	0.27576131558638095
ENSG00000005700	0.26385291266232497	0.3347217044790817	0.40142538285859336
ENSG00000005810	0.258677640382184	0.3575210085081474	0.3838013511096687
ENSG00000005812	0.2531939285625868	0.43182093501519403	0.31498513642221915
ENSG00000005844	0.35035035834889144	0.4737338135067189	0.17591582814438955
ENSG00000005882	0.40283287316441185	0.3504636703940024	0.24670345644158573
ENSG00000005884	0.4399640582353893	0.3145536817752743	0.24548225998933634
ENSG00000005889	0.21905900696010727	0.5096691457000283	0.2712718473398645
ENSG00000005893	0.2793364336305937	0.4790401023875932	0.24162346398181309
ENSG00000005955	0.3454260678273462	0.39557223490503485	0.2590016972676189
ENSG00000005961	0.28926159610535074	0.5640345844498836	0.14670381944476568
ENSG00000005981	0.28929961625078243	0.3303818034769957	0.3803185802722219
ENSG00000006007	0.2752020643889324	0.3903242258574699	0.3344737097535977
ENSG00000006015	0.4098436943492323	0.2707150273785084	0.3194412782722593
ENSG00000006016	0.3878414658640925	0.511215421710399	0.10094311242550849
ENSG00000006025	0.40403488788279335	0.43845712071718096	0.15750799140002575
ENSG00000006042	0.5528347911826383	0.34801215157498944	0.09915305724237218
ENSG00000006047	0.6714484725580835	0.17855020956638995	0.1500013178755266
ENSG00000006059			
ENSG00000006062	0.16926246594182168	0.38026691818922603	0.4504706158689524
ENSG00000006071	0.35104194329720695	0.5696783397467908	0.07927971695600225
ENSG00000006074			
ENSG00000006075	0.6310709779200826	0.3689290220799173	0.0
ENSG00000006114	0.24046994573840247	0.4570418300380923	0.3024882242235053
ENSG00000006116	0.31850186414530507	0.509942897600468	0.17155523825422705
ENSG00000006118	0.20484613214955164	0.388768019099424	0.40638584875102435
ENSG00000006125	0.2815006652978803	0.449722623108159	0.26877671159396066
ENSG00000006128	0.0	1.0	0.0
ENSG00000006194	0.3063445856238997	0.3020803962488607	0.3915750181272396
ENSG00000006210	0.5375765239106742	0.46242347608932577	0.0
ENSG00000006282	0.5063173018920948	0.305260826820272	0.1884218712876333
ENSG00000006283	0.2768468958649702	0.27426430830771864	0.4488887958273111
ENSG00000006327	0.24474989396664384	0.5811568108539255	0.17409329517943056
ENSG00000006377	0.0	1.0	0.0
ENSG00000006432	0.14185718692657598	0.580743636598445	0.27739917647497897
ENSG00000006451	0.27025080464948004	0.33266328003609835	0.3970859153144216
ENSG00000006453	0.5138776437993274	0.4667881517244328	0.01933420447623989
ENSG00000006459	0.13623875228957744	0.5735645344764849	0.29019671323393753
ENSG00000006468	0.23939868350299404	0.2815699501248823	0.47903136637212373
ENSG00000006530	0.3490099480814046	0.3767214701659131	0.27426858175268226
ENSG00000006555	0.7036012795263077	0.0	0.29639872047369226
ENSG00000006576	0.15874866289055808	0.27689143461246507	0.5643599024969769
ENSG00000006606	0.7160310647834272	0.28396893521657274	0.0
ENSG00000006607	0.27232982916961496	0.494886852528763	0.23278331830162202
ENSG00000006611	0.26316409265215485	0.27912761596777125	0.4577082913800738
ENSG00000006625	0.37087143710758236	0.2050722119872981	0.42405635090511945
ENSG00000006634	0.2650456291326529	0.5899690213464026	0.14498534952094455
ENSG00000006638	0.4941106109316469	0.405594959166008	0.1002944299023452
ENSG00000006652	0.5477574047764462	0.28444817308461107	0.1677944221389428
ENSG00000006695	0.3296826067747113	0.3859117941018849	0.2844055991234037
ENSG00000006704	0.4022876812414297	0.4008141152246849	0.19689820353388543
ENSG00000006712	0.4028050508170182	0.32353168139247046	0.2736632677905114
ENSG00000006715	0.18991148493484378	0.5650326334565635	0.24505588160859262
ENSG00000006740	0.4261941987360535	0.3034520428761003	0.2703537583878462
ENSG00000006744	0.46930404110471446	0.3030660778773878	0.22762988101789772
ENSG00000006747	0.8969015399187519	0.07066287942410221	0.032435580657146
ENSG00000006757	0.9122833638385612	0.060364289224393915	0.027352346937044785
ENSG00000006788	0.007352335179960938	0.014532103603865474	0.9781155612161736
ENSG00000006831	0.3185936976504267	0.335972149197735	0.34543415315183823
ENSG00000006837	0.4201627595248889	0.2910882993801198	0.28874894109499133
ENSG00000007001			
ENSG00000007038	0.2852472586579732	0.1136795428604769	0.6010731984815499
ENSG00000007047	0.32313290942391715	0.3652366583274711	0.3116304322486118
ENSG00000007062	0.08889574012497913	0.634266877178775	0.2768373826962461
ENSG00000007080	0.23989640966494544	0.5605485839694115	0.19955500636564308
ENSG00000007168	0.19045720238462366	0.4700265368204088	0.33951626079496755
ENSG00000007171	0.4105814365450832	0.4681051893338471	0.12131337412106967
ENSG00000007174	0.6273892212972184	0.11507175842427322	0.2575390202785083
ENSG00000007202	0.18977114197358147	0.3847855203867348	0.42544333763968384
ENSG00000007216	0.0	0.20068892727282628	0.7993110727271737
ENSG00000007237	0.2805874818664985	0.3593919748402765	0.36002054329322486
ENSG00000007255	0.4379992435337229	0.0	0.5620007564662772
ENSG00000007264	0.5320426310075509	0.2136114992040241	0.25434586978842505
ENSG00000007312	0.7253545729908486	0.21628557185348954	0.058359855155661756
ENSG00000007314	0.24897819628475	0.2995777696561734	0.45144403405907657
ENSG00000007341	0.2643269920255052	0.3093169959869506	0.4263560119875442
ENSG00000007350	0.6366163553883624	0.10746608068860238	0.2559175639230353
ENSG00000007372	0.08662652301693372	0.2712913970086545	0.6420820799744118
ENSG00000007376	0.5674285075228366	0.2248730407741037	0.2076984517030597
ENSG00000007384	0.513075668916728	0.2964667247412334	0.19045760634203862
ENSG00000007392	0.39494085501273735	0.34570734477066517	0.2593518002165976
ENSG00000007402	0.4208040118687425	0.46626501532247	0.11293097280878744
ENSG00000007516	0.5292682571518039	0.39526876386471277	0.07546297898348338
ENSG00000007520	0.581471833993415	0.23948332794270316	0.17904483806388188
ENSG00000007541	0.4045153042034959	0.4148807838355026	0.18060391196100145
ENSG00000007545	0.2502625957477412	0.4433029009783678	0.3064345032738911
ENSG00000007866	0.41875083814645797	0.3421436705117404	0.23910549134180178
ENSG00000007908	0.9580590729089361	0.039497107227327445	0.002443819863736483
ENSG00000007923	0.2883907806882209	0.4151497678549126	0.29645945145686653
ENSG00000007933	0.1687164921682477	0.4802706903387516	0.35101281749300073
ENSG00000007944	0.3588094048137671	0.2887671201866908	0.3524234749995421
ENSG00000007952	0.0	0.3027597726239661	0.6972402273760339
ENSG00000007968	0.0	0.0	1.0
ENSG00000008018	0.3270513532933036	0.37426583597883006	0.2986828107278663
ENSG00000008056	0.109361987955897	0.08126704223153178	0.8093709698125713
ENSG00000008083	0.3533652300081649	0.38147676371933115	0.26515800627250397
ENSG00000008086	0.30615319180927797	0.5420662090193609	0.1517805991713611
ENSG00000008118	0.445381316526031	0.3852810726474766	0.1693376108264925
ENSG00000008128	0.235828218593536	0.4615421954974904	0.3026295859089736
ENSG00000008130	0.34333482808988475	0.2750034746533869	0.3816616972567284
ENSG00000008196	0.0	0.0	1.0
ENSG00000008197			
ENSG00000008226	0.6172658987335975	0.3104035738004181	0.07233052746598446
ENSG00000008256	0.3533207737775435	0.3846317759865046	0.262047450235952
ENSG00000008277	0.12378690413597267	0.7483119759365255	0.1279011199275018
ENSG00000008282	0.26933156033970773	0.35099417600355154	0.37967426365674073
ENSG00000008283	0.3058443532606491	0.244580986930839	0.449574659808512
ENSG00000008294	0.18819087645639807	0.5744075853251505	0.23740153821845134
ENSG00000008300	0.31185665233237636	0.4899717969899079	0.19817155067771583
ENSG00000008311	0.34021686569361936	0.36478155637713217	0.2950015779292486
ENSG00000008323	0.6683523154735846	0.2686750729694352	0.06297261155698022
ENSG00000008324	0.21134286430234556	0.1460952822308535	0.6425618534668011
ENSG00000008382	0.3688278322347979	0.31180520559175434	0.31936696217344773
ENSG00000008394	0.815447005525069	0.087817226917389	0.096735767557542
ENSG00000008405	0.2432674456111807	0.40464916904916787	0.35208338533965144
ENSG00000008441	0.281323833941904	0.2283146697451567	0.4903614963129393
ENSG00000008513	0.4034508986675129	0.47877364551038837	0.11777545582209865
ENSG00000008516	0.8256116262771038	0.07314098273670358	0.10124739098619269
ENSG00000008710	0.3697865927904774	0.38950147776174465	0.240711929447778
ENSG00000008735	0.22343920986995963	0.29013417001934566	0.4864266201106946
ENSG00000008838	0.2582270059813913	0.5671074684615406	0.17466552555706807
ENSG00000008853	0.4034965902628552	0.3842436816990498	0.21225972803809506
ENSG00000008869	0.2438622221985845	0.2308202558321208	0.5253175219692947
ENSG00000008952	0.3141033814245595	0.35805116234504514	0.32784545623039524
ENSG00000008988	0.5815460906547502	0.33246603139885506	0.085987877946395
ENSG00000009307	0.23245775344411226	0.4351093465133382	0.3324329000425495
ENSG00000009335	0.26074908716368755	0.4501103859790284	0.289140526857284
ENSG00000009413	0.23059609406548748	0.5112969078191418	0.2581069981153707
ENSG00000009694	0.5955226577022358	0.3011617354015799	0.10331560689618438
ENSG00000009709	0.4276682144735381	0.3364999351964508	0.23583185033001103
ENSG00000009724	0.3292172831817241	0.40128482056503756	0.26949789625323833
ENSG00000009765	0.0	0.0	1.0
ENSG00000009780	0.26473223335001245	0.4061947441311244	0.3290730225188631
ENSG00000009790	0.1774969923940969	0.16711782467118502	0.6553851829347181
ENSG00000009830	0.13627061090963152	0.7264159156709519	0.13731347341941655
ENSG00000009844	0.28742799629781013	0.4532620945166316	0.25930990918555824
ENSG00000009950	0.37482580309857966	0.34535686443563024	0.27981733246579016
ENSG00000009954	0.18678653939076206	0.464469105661076	0.3487443549481619
ENSG00000010017	0.23805729421007416	0.44146311019463647	0.32047959559528943
ENSG00000010072	0.261481733063556	0.47229525268708994	0.266223014249354
ENSG00000010165	0.3665742574350223	0.29136732663720805	0.34205841592776964
ENSG00000010219	0.5824473925050446	0.41755260749495526	0.0
ENSG00000010244	0.27395428551956214	0.4489941913373975	0.2770515231430403
ENSG00000010256	0.34811268086732905	0.3565831107044753	0.29530420842819566
ENSG00000010270	0.2634734775847878	0.3439930359968978	0.3925334864183144
ENSG00000010278	0.564244319547764	0.17891052240689714	0.25684515804533886
ENSG00000010292	0.2021383892456221	0.6604100701189859	0.13745154063539217
ENSG00000010295	0.25108780092331806	0.3478523876580999	0.401059811418582
ENSG00000010318	0.30985261033977923	0.07307889055198917	0.6170684991082315
ENSG00000010319	0.3366207088594291	0.4167132047014495	0.24666608643912152
ENSG00000010322	0.3640422909049667	0.3055757940816137	0.3303819150134195
ENSG00000010327	0.23845929695882093	0.3141275342070876	0.44741316883409155
ENSG00000010361	0.4737856428895759	0.24841083487818152	0.2778035222322425
ENSG00000010379	0.15048499700277854	0.22091844218372372	0.6285965608134977
ENSG00000010404	0.23983010940484117	0.5055223472696179	0.254647543325541
ENSG00000010610	0.18069598207276397	0.17720082492085992	0.642103193006376
ENSG00000010626	0.24348551220166612	0.75016353956855	0.006350948229783972
ENSG00000010671	0.36555438895768855	0.3621936474557162	0.2722519635865953
ENSG00000010704	0.3018128497592565	0.08290748324735889	0.6152796669933845
ENSG00000010803	0.4101225592293382	0.37610817901304755	0.21376926175761438
ENSG00000010810	0.39008623320056934	0.30840339895117813	0.3015103678482525
ENSG00000010818	0.2807757692531656	0.3524907982683106	0.36673343247852386
ENSG00000010932	0.42715650780692205	0.34203089181264557	0.23081260038043244
ENSG00000011007	0.1510332863852797	0.45778008969430445	0.39118662392041587
ENSG00000011009	0.2587191319544289	0.3387144066264944	0.4025664614190768
ENSG00000011021	0.3875921674108401	0.28606102494174623	0.3263468076474136
ENSG00000011028	0.4449630448514402	0.23265818708669478	0.32237876806186505
ENSG00000011052	0.5290766762901649	0.1605554087315562	0.31036791497827887
ENSG00000011083	0.38075033666940056	0.4882460732534715	0.1310035900771279
ENSG00000011105	0.4161501692372887	0.22811453978470153	0.3557352909780099
ENSG00000011114	0.2148228866752944	0.44044831995940875	0.3447287933652968
ENSG00000011132	0.2616672273154159	0.5235872032049829	0.21474556947960127
ENSG00000011143	0.25030259235408264	0.4647566338476675	0.2849407737982497
ENSG00000011198	0.19562049284008629	0.4946982317602396	0.3096812753996741
ENSG00000011243	0.3540687923331503	0.37104184349371333	0.27488936417313636
ENSG00000011258	0.27666943571595887	0.47069544657349616	0.252635117710545
ENSG00000011260	0.3382877207800214	0.08172396485574275	0.5799883143642359
ENSG00000011275	0.21896315809614111	0.4369875170473329	0.34404932485652595
ENSG00000011304	0.3746104586571178	0.37305759181353537	0.25233194952934673
ENSG00000011332	0.4908959581771682	0.23239363716999462	0.2767104046528371
ENSG00000011347	0.41685487213746814	0.2706921867230848	0.312452941139447
ENSG00000011376	0.167065103938125	0.5484878299696717	0.28444706609220327
ENSG00000011405	0.3590655193016637	0.426660405681191	0.21427407501714538
ENSG00000011422	0.7715626586302807	0.16604035337957934	0.06239698799014002
ENSG00000011426	0.12543382301983294	0.4669985191010424	0.4075676578791247
ENSG00000011451	0.35550024690799037	0.35717511790033407	0.2873246351916756
ENSG00000011454	0.25091466809450175	0.4175572935622055	0.3315280383432928
ENSG00000011465	0.29875727664696455	0.3188518733475803	0.38239085000545514
ENSG00000011478	0.24612125776108904	0.22140869246460113	0.5324700497743098
ENSG00000011485	0.28001765031919457	0.38236690062906176	0.3376154490517437
ENSG00000011523	0.3225698016179738	0.5140189745243788	0.16341122385764734
ENSG00000011566	0.2405040873188627	0.49974483021237553	0.2597510824687618
ENSG00000011590	0.0	0.17530281476475193	0.824697185235248
ENSG00000011600	0.5643545891830734	0.2676572027525824	0.16798820806434417
ENSG00000011638	0.31577577367023374	0.3161182740196533	0.368105952310113
ENSG00000011677	0.0	0.41985891646224077	0.5801410835377592
ENSG00000012048	0.15234984482261918	0.33637720936793225	0.5112729458094486
ENSG00000012061	0.3496840712941105	0.5042168167816525	0.14609911192423697
ENSG00000012124	0.6622285377921094	0.19099443120941637	0.14677703099847425
ENSG00000012171	0.4004465496982868	0.21237926726099932	0.3871741830407138
ENSG00000012174	0.27671454107657534	0.40190455208438386	0.32138090683904086
ENSG00000012211	0.36957396044003776	0.41221814852759686	0.21820789103236535
ENSG00000012223	0.5325729451191691	0.31330845576790867	0.15411859911292217
ENSG00000012232	0.23051878493652248	0.33440679547816143	0.4350744195853161
ENSG00000012504	0.0	0.5475795187194034	0.45242048128059664
ENSG00000012660	0.5524501151319768	0.2068597069774203	0.2406901778906028
ENSG00000012779	0.6477287862653776	0.23408299372452732	0.11818822001009507
ENSG00000012822	0.23036656960592314	0.5716528016289546	0.19798062876512218
ENSG00000012963	0.26663473354225725	0.3545757163421191	0.37878955011562354
ENSG00000012983	0.24207038117070065	0.5006354624427437	0.2572941563865556
ENSG00000013016	0.21988875346749495	0.5060175108850017	0.2740937356475034
ENSG00000013275	0.24129545237141373	0.3859922073632988	0.37271234026528743
ENSG00000013288	0.4483872453093823	0.21818812518116204	0.3334246295094557
ENSG00000013293	0.18173540994867146	0.6451593888985383	0.1731052011527903
ENSG00000013297	0.5226898547018111	0.24334524014365902	0.23396490515453
ENSG00000013306	0.26611201386806665	0.30836841013895067	0.4255195759929826
ENSG00000013364	0.3768513641948418	0.29933947238835906	0.3238091634167992
ENSG00000013374	0.2811604279931297	0.4271729589131225	0.29166661309374786
ENSG00000013375	0.22646405807374048	0.4858524986497136	0.287683443276546
ENSG00000013392	0.550933737313253	0.30812466459281	0.14094159809393686
ENSG00000013441	0.3723045753240256	0.26123052076284764	0.3664649039131267
ENSG00000013503	0.25059625011911957	0.22356656098752622	0.5258371888933542
ENSG00000013523	0.16436162142926877	0.33535553229746534	0.5002828462732659
ENSG00000013561	0.18274377048841342	0.5109365109186643	0.30631971859292223
ENSG00000013563	0.28851810094966984	0.3869533769364732	0.3245285221138571
ENSG00000013583	0.4778228445909658	0.28651778687585633	0.2356593685331778
ENSG00000013588	0.7438030467821528	0.05476696031611807	0.20142999290172903
ENSG00000013619	0.3713300068070147	0.3105069968505159	0.3181629963424694
ENSG00000013725	0.2927743956071076	0.29278724160150565	0.41443836279138685
ENSG00000013810	0.6744880065191379	0.2209335390981934	0.10457845438266868
ENSG00000014123	0.267287816483505	0.44348093942602135	0.2892312440904737
ENSG00000014138	0.34219943025686766	0.3407906375581895	0.3170099321849429
ENSG00000014164	0.3974601811084972	0.3673965438403199	0.23514327505118288
ENSG00000014216	0.32056826922904513	0.3652402409133046	0.31419148985765033
ENSG00000014257	0.24106218708781063	0.21690858005419858	0.5420292328579907
ENSG00000014641	0.33676146391433837	0.3624654110211632	0.3007731250644985
ENSG00000014824	0.24795482253642387	0.34955351172612875	0.4024916657374475
ENSG00000014914	0.32800793340873763	0.5336323967385348	0.13835966985272757
ENSG00000014919	0.2229007248567236	0.5254293565026456	0.2516699186406309
ENSG00000015133	0.3176089011772259	0.3293159211762009	0.35307517764657315
ENSG00000015153	0.25652533786261933	0.4959684590568288	0.2475062030805518
ENSG00000015171	0.22008061714301072	0.3759397509590618	0.4039796318979274
ENSG00000015413	0.06476212285235308	0.15352974710195483	0.7817081300456921
ENSG00000015475	0.515258299103291	0.2901554652092428	0.1945862356874663
ENSG00000015479	0.362929241248595	0.4979096995818698	0.13916105916953514
ENSG00000015520	0.41577510599405676	0.0	0.5842248940059434
ENSG00000015532	0.36116551978317424	0.33203069464102497	0.3068037855758007
ENSG00000015592	0.0969165283743541	0.5680018058276998	0.3350816657979462
ENSG00000015676	0.17439951752019808	0.31382946803496176	0.5117710144448401
ENSG00000016082			
ENSG00000016391	0.16077747898205189	0.48210793939473556	0.3571145816232127
ENSG00000016402	0.08795298654031332	0.21230270476105947	0.6997443086986272
ENSG00000016490	0.0	0.0	1.0
ENSG00000016602			
ENSG00000016864	0.25218466520525085	0.30674093662458946	0.4410743981701596
ENSG00000017260	0.22589630737797323	0.4256939137923279	0.34840977882969887
ENSG00000017373	0.28215440521750873	0.3547546846446464	0.3630909101378448
ENSG00000017427	0.22799677017604794	0.306151629093989	0.46585160072996307
ENSG00000017483	0.05389665172049212	0.1655968201180203	0.7805065281614876
ENSG00000017621	0.33929279767994613	0.34316693844287965	0.31754026387717416
ENSG00000017797	0.19355128435863833	0.4610541281359403	0.3453945875054214
ENSG00000018189	0.23665002297472978	0.4759872598336368	0.28736271719163337
ENSG00000018236	0.20268831852655228	0.5434633444338518	0.2538483370395959
ENSG00000018280	0.3828210355012164	0.12218170586819596	0.4949972586305877
ENSG00000018408	0.351421490758917	0.49026270177584985	0.1583158074652332
ENSG00000018510	0.22702269921984836	0.4996973755069556	0.273279925273196
ENSG00000018610	0.41829546618354896	0.06730521217326418	0.5143993216431868
ENSG00000018625	0.3225847888600802	0.3213100609997502	0.3561051501401696
ENSG00000018699	0.3015640658511564	0.3481944580169404	0.35024147613190326
ENSG00000018869	0.0	0.8288217524573899	0.17117824754261005
ENSG00000019102	0.8466228152947124	0.12737721563305615	0.025999969072231503
ENSG00000019144	0.32105937679456464	0.2835571545467456	0.3953834686586898
ENSG00000019169	0.7047230773508776	0.19249355921855302	0.10278336343056932
ENSG00000019186	0.0	1.0	0.0
ENSG00000019485	0.29501693596963036	0.4460556400522551	0.25892742397811463
ENSG00000019505	0.6213935203845603	0.2656975362130552	0.11290894340238448
ENSG00000019549	0.44298225840495725	0.272549190235814	0.28446855135922877
ENSG00000019582	0.33241156149216283	0.20571863358877096	0.4618698049190662
ENSG00000019991	0.3447565609340398	0.45686358178566694	0.19837985728029334
ENSG00000019995	0.24353067303481238	0.62881571789567	0.12765360906951764
ENSG00000020129	0.15051789015844824	0.3763047085122226	0.4731774013293292
ENSG00000020181	0.41425372087821893	0.21549801622527692	0.37024826289650425
ENSG00000020256	0.31520435693516563	0.28135555956551406	0.4034400834993202
ENSG00000020426	0.27099575035677087	0.42745746098523374	0.3015467886579954
ENSG00000020577	0.23553377816220838	0.47296179957122897	0.2915044222665626
ENSG00000020633	0.5050532136770471	0.32727442745677215	0.16767235886618062
ENSG00000020922	0.2516776201357109	0.4390676778715999	0.3092547019926893
ENSG00000021300	0.3259631011483495	0.5254942584127134	0.1485426404389372
ENSG00000021355	0.5021637500855421	0.36581821264878617	0.13201803726567152
ENSG00000021461	1.0	0.0	0.0
ENSG00000021488	0.14705496327943307	0.15050417384043335	0.7024408628801336
ENSG00000021574	0.16288716022969932	0.47290691758082853	0.3642059221894722
ENSG00000021645	0.49635946361042166	0.2692983870548276	0.23434214933475067
ENSG00000021762	0.34203512440679423	0.23415064703427702	0.42381422855892886
ENSG00000021776	0.18262155856563655	0.3849151687025891	0.4324632727317742
ENSG00000021826	0.5306869071603072	0.46931309283969275	0.0
ENSG00000021852	0.3922854493660617	0.6077145506339383	0.0
ENSG00000022267	0.36011859476694996	0.40669889954254157	0.23318250569050847
ENSG00000022277	0.42847486157146475	0.31487796885221914	0.25664716957631617
ENSG00000022355	0.0	0.658153321412362	0.34184667858763795
ENSG00000022556	0.7271153241926104	0.0	0.2728846758073896
ENSG00000022567	0.27992766816790743	0.3603189993781887	0.3597533324539039
ENSG00000022840	0.27989707990256835	0.3771305789342705	0.3429723411631611
ENSG00000022976	0.49190713467743663	0.25463722355214713	0.25345564177041613
ENSG00000023041	0.3000668615135439	0.2669231548269043	0.43300998365955184
ENSG00000023171	0.2362442161597835	0.47324114310345716	0.2905146407367593
ENSG00000023191	0.3908017736391316	0.3003291013662411	0.30886912499462726
ENSG00000023228	0.29145734862695044	0.43101734898492455	0.277525302388125
ENSG00000023287	0.15971706767843444	0.5607217228059125	0.2795612095156531
ENSG00000023318	0.3061604650477906	0.4362826656129457	0.25755686933926375
ENSG00000023330	0.4297971424689867	0.27744789842348017	0.292754959107533
ENSG00000023445	0.21578789836217319	0.2452187382262751	0.5389933634115517
ENSG00000023572	0.24966839842968166	0.4266550097908729	0.3236765917794455
ENSG00000023608	0.3388016680832291	0.4162281774314603	0.24497015448531062
ENSG00000023697	0.23065621859341182	0.470433532274506	0.2989102491320821
ENSG00000023734	0.3332054907455998	0.49452864905619437	0.1722658601982059
ENSG00000023892	0.520025415629013	0.206184213499893	0.2737903708710941
ENSG00000023902	0.39286588253047455	0.422632106422279	0.18450201104724648
ENSG00000023909	0.11693921389770552	0.5144693620851202	0.3685914240171743
ENSG00000024048	0.22183238405270633	0.4050896096917524	0.3730780062555411
ENSG00000024422	0.36146330351814393	0.3140350337718326	0.32450166271002356
ENSG00000024526	0.0	0.5955634734058184	0.4044365265941816
ENSG00000024862	0.31700749647756127	0.308745945628516	0.3742465578939228
ENSG00000025039	0.22556914687880156	0.42081835111074356	0.35361250201045485
ENSG00000025156	0.45502595257013984	0.35075406028581885	0.1942199871440414
ENSG00000025293	0.3171797006622417	0.4396930708155312	0.24312722852222704
ENSG00000025423	0.0	0.0	1.0
ENSG00000025434	0.434993362798655	0.24780850017281333	0.31719813702853167
ENSG00000025708	0.48787839609034417	0.406928159060177	0.10519344484947882
ENSG00000025770	0.453974470554105	0.31506527415143604	0.23096025529445893
ENSG00000025772	0.21066741973904873	0.6644165394250912	0.12491604083586022
ENSG00000025796	0.2508696973386964	0.45337505004856105	0.2957552526127426
ENSG00000025800	0.13314598467278854	0.4098577957693193	0.4569962195578922
ENSG00000026025	0.5953569765079233	0.2102069375065648	0.19443608598551185
ENSG00000026036	0.3269159758609692	0.39125588150116364	0.28182814263786715
ENSG00000026103	0.5315387407884687	0.32892341204752223	0.13953784716400908
ENSG00000026297	0.2681372517111555	0.21794032963941806	0.5139224186494264
ENSG00000026508	0.2957772216949023	0.34456870020421665	0.359654078100881
ENSG00000026652	0.6286408034408967	0.1163139606330911	0.2550452359260122
ENSG00000026751	0.24769625293945338	0.2727121959221956	0.479591551138351
ENSG00000027001	0.22203698232805072	0.3592873507687215	0.41867566690322777
ENSG00000027075	0.18305976753283365	0.3358689302344288	0.4810713022327376
ENSG00000027644	0.32566722739261716	0.23539615162785793	0.438936620979525
ENSG00000027697	0.3287482648779407	0.4547994475302132	0.21645228759184626
ENSG00000027847	0.28974012166115687	0.2837418404363925	0.4265180379024506
ENSG00000027869	0.4416025833111917	0.43009304572151824	0.12830437096729014
ENSG00000028116	0.28103316628147873	0.5442135455808477	0.1747532881376737
ENSG00000028137	0.4439567457837078	0.23056271187034047	0.3254805423459517
ENSG00000028203	0.28334655724036417	0.4280407548996715	0.2886126878599643
ENSG00000028277	0.44558087491021775	0.42105598826990764	0.13336313681987466
ENSG00000028310	0.23040516082507698	0.3042459177339099	0.465348921441013
ENSG00000028528	0.403886139296548	0.33811501885091705	0.25799884185253485
ENSG00000028839	0.3930348851530238	0.4416597012951726	0.16530541355180356
ENSG00000029153	0.16515845540028373	0.08749517374876735	0.7473463708509489
ENSG00000029363	0.23863173231661386	0.4473495160976811	0.314018751585705
ENSG00000029364	0.23947385512694377	0.4359038452147111	0.3246222996583451
ENSG00000029534	0.33226331458728714	0.3812721506936124	0.2864645347191004
ENSG00000029559	0.696254001846912	0.0	0.30374599815308795
ENSG00000029639	0.34758569545363677	0.20527282967726934	0.447141474869094
ENSG00000029725	0.22022876700153313	0.341628204466226	0.43814302853224085
ENSG00000029993	0.15105898786971408	0.740993744739608	0.10794726739067775
ENSG00000030066	0.3027986562625442	0.44160652510392673	0.2555948186335291
ENSG00000030304	0.07900755734440096	0.5891184334560867	0.3318740091995124
ENSG00000030419	0.2841384711786603	0.48523211665673566	0.23062941216460392
ENSG00000030582	0.34468802230004314	0.3382080656938975	0.3171039120060594
ENSG00000031003	0.24635713006053125	0.5113384228738174	0.24230444706565143
ENSG00000031081	0.3519672304367127	0.33740035938827445	0.31063241017501286
ENSG00000031691	0.7338175165216049	0.2661824834783951	0.0
ENSG00000031698	0.3370594178990569	0.3289510589760531	0.3339895231248901
ENSG00000031823	0.3577007421567996	0.32900612715715466	0.31329313068604575
ENSG00000032219	0.2433621758860192	0.40268218910385517	0.3539556350101256
ENSG00000032389	0.14454764561698807	0.5794453134575688	0.27600704092544304
ENSG00000032444	0.47495274835872003	0.36396952957268136	0.16107772206859852
ENSG00000032742	0.20595116370412275	0.46333536407870163	0.3307134722171756
ENSG00000033011	0.38589023573409637	0.3863126543164533	0.22779710994945035
ENSG00000033030	0.39989141487084867	0.37244709969610895	0.22766148543304246
ENSG00000033050	0.2583778405695809	0.39735882373942005	0.3442633356909991
ENSG00000033100	0.29661620956709883	0.4368737087189252	0.2665100817139759
ENSG00000033122	0.4249997562991818	0.11701029894794508	0.45798994475287313
ENSG00000033170	0.2567173281442376	0.27851762034686284	0.4647650515088997
ENSG00000033178	0.25156827409959975	0.4317292925325339	0.31670243336786635
ENSG00000033327	0.23100550408102616	0.5820857801943834	0.18690871572459042
ENSG00000033627	0.23612908772676097	0.5942058293019112	0.16966508297132776
ENSG00000033800	0.3185052814895222	0.3821418911204934	0.2993528273899844
ENSG00000033867	0.2961622347403573	0.4132173093301638	0.2906204559294788
ENSG00000034053	0.07145165630145883	0.5861269663316501	0.3424213773668912
ENSG00000034063	0.4571793907953938	0.26816926142912983	0.27465134777547634
ENSG00000034152	0.2699166990026156	0.24988884517547644	0.48019445582190795
ENSG00000034239	0.0	0.5338131532660777	0.46618684673392236
ENSG00000034510	0.45038479511940677	0.22159835653685028	0.3280168483437429
ENSG00000034533	0.395236875937411	0.36961137395068167	0.23515175011190742
ENSG00000034677	0.3485313039279724	0.40681608607580644	0.2446526099962212
ENSG00000034693	0.30904035604487046	0.33505320983922277	0.3559064341159069
ENSG00000034713	0.2488559239016539	0.34835183573010464	0.4027922403682414
ENSG00000034971	0.19371379088133778	0.5310707936095559	0.2752154155091063
ENSG00000035115	0.6522434952088001	0.3239475135832538	0.02380899120794609
ENSG00000035141	0.40410852309967105	0.4676667105828845	0.1282247663174445
ENSG00000035403	0.25941801280600274	0.4881588134041666	0.2524231737898307
ENSG00000035499	0.20677741901154734	0.3456571515519833	0.4475654294364694
ENSG00000035664	0.26559360033954266	0.49786375289513723	0.23654264676532008
ENSG00000035681	0.2279615028471404	0.28770269147826727	0.4843358056745924
ENSG00000035687	0.3644063562029216	0.503119922058203	0.13247372173887537
ENSG00000035720	0.8894684989264571	0.11053150107354293	0.0
ENSG00000035862	0.4243866439761497	0.22362461675141276	0.3519887392724374
ENSG00000035928	0.268597601752169	0.3842353242008773	0.3471670740469537
ENSG00000036054	0.2594980463816584	0.4799018503944291	0.26060010322391236
ENSG00000036257	0.1718104621754348	0.35351730245796414	0.47467223536660097
ENSG00000036448	0.2535155797608416	0.27635011916040925	0.47013430107874926
ENSG00000036473	1.0	0.0	0.0
ENSG00000036530	0.3497757138896531	0.42189034211609716	0.22833394399424972
ENSG00000036549	0.2228466076672039	0.4274784411723187	0.3496749511604775
ENSG00000036565			
ENSG00000036672	0.3924213888512319	0.31109503553711604	0.29648357561165195
ENSG00000036828	0.0	1.0	0.0
ENSG00000037042	0.36379714262086804	0.47274667292770794	0.163456184451424
ENSG00000037241	0.18560802119827416	0.2743275110182356	0.5400644677834903
ENSG00000037280	0.3130792286372695	0.4671234451899802	0.2197973261727503
ENSG00000037474	0.3005162903033046	0.41784031309544345	0.2816433966012519
ENSG00000037637	0.3528626646157855	0.22666676581147188	0.42047056957274265
ENSG00000037749	0.19399790376108036	0.4207904210452735	0.3852116751936462
ENSG00000037757	0.2594983284738175	0.2688546016675787	0.47164706985860383
ENSG00000037897	0.29722357644077674	0.3622310576535286	0.34054536590569456
ENSG00000037965	0.39113767731501975	0.46609506316933336	0.1427672595156469
ENSG00000038002	0.2964216193665604	0.32014887241372975	0.3834295082197099
ENSG00000038210	0.3600061604117761	0.31996776193115506	0.3200260776570688
ENSG00000038219	0.2703000191462721	0.41053277429227447	0.3191672065614535
ENSG00000038274	0.24243585910569676	0.41574785842502504	0.34181628246927814
ENSG00000038295	0.24386378681402518	0.5568513580243898	0.19928485516158512
ENSG00000038358	0.32477180380466	0.3892881953731304	0.28594000082220955
ENSG00000038382	0.29354848356918856	0.44911320425339246	0.257338312177419
ENSG00000038427	0.4217566309760059	0.28210677674344165	0.2961365922805524
ENSG00000038532	0.14593592796683683	0.6340778372856124	0.2199862347475509
ENSG00000038945	0.3772924911468203	0.4333003376622864	0.18940717119089345
ENSG00000039068	0.9598969019315852	0.017824015960442367	0.02227908210797246
ENSG00000039123	0.2346362594216368	0.41692718783021454	0.3484365527481488
ENSG00000039139	0.13747516273414756	0.6575226073667447	0.20500222989910757
ENSG00000039319	0.21941638111701767	0.44048761397165603	0.3400960049113263
ENSG00000039523	0.29087267461521976	0.43024051196969226	0.278886813415088
ENSG00000039537	0.46920780588874733	0.4039527854687202	0.1268394086425325
ENSG00000039560	0.3623286747347257	0.3477050274704119	0.28996629779486244
ENSG00000039600	0.0	0.6928479608589204	0.3071520391410796
ENSG00000039650	0.38382538947429945	0.39487015617512294	0.22130445435057752
ENSG00000039987	0.542888859678249	0.0	0.45711114032175093
ENSG00000040199	0.172885448000515	0.4679904395481794	0.3591241124513056
ENSG00000040275	0.29283311298086445	0.3671182835854401	0.3400486034336954
ENSG00000040341	0.2577344049439997	0.33773612441604867	0.4045294706399516
ENSG00000040487	0.23739066667483041	0.4225237992742746	0.3400855340508951
ENSG00000040531	0.2326967032480092	0.5614823319672616	0.20582096478472917
ENSG00000040608	0.2807552579762469	0.3615964585338169	0.35764828348993627
ENSG00000040633	0.26286831442977654	0.3520891326138643	0.3850425529563592
ENSG00000040731	0.1695557186649972	0.552818617503562	0.27762566383144077
ENSG00000040933	0.21078359260406168	0.258255997855464	0.5309604095404743
ENSG00000041353	0.0	0.0	1.0
ENSG00000041357	0.253578284586207	0.3621088250505359	0.38431289036325716
ENSG00000041515	0.34521476175543353	0.05589497853341576	0.5988902597111507
ENSG00000041802	0.30524985249319786	0.3065282254772475	0.38822192202955463
ENSG00000041880	0.12242977076425654	0.5193168483976152	0.3582533808381282
ENSG00000041982	0.7003584384285828	0.21406039193165655	0.08558116963976073
ENSG00000041988	0.24502708630459655	0.3316669946621604	0.42330591903324305
