ENSEMBL ID	Human_Prefrontal_Cortex_Relative_Gene_Expression_Difference(RPKM)	Chimp_Prefrontal_Cortex_Relative_Gene_Expression_Difference(RPKM)	Rhesus_Monkey_Prefrontal_Cortex_Relative_Gene_Expression_Difference(RPKM)
ENSG00000000003	0.3068937522233203	0.41263163870294217	0.2804746090737375
ENSG00000000005	0.17468182689613473	0.06690952228480246	0.7584086508190628
ENSG00000000419	0.3688177611474777	0.3703338805307266	0.26084835832179576
ENSG00000000457	0.2534536085643835	0.3808946613880903	0.3656517300475261
ENSG00000000460	0.3152309514548137	0.3661877590998132	0.3185812894453731
ENSG00000000938	0.4054144818248666	0.370634685298207	0.22395083287692646
ENSG00000000971	0.22738381840086888	0.08924262488694172	0.6833735567121894
ENSG00000001036	0.4042109321355327	0.41452325605268747	0.18126581181177984
ENSG00000001084	0.29970534337060123	0.4329186718364423	0.2673759847929565
ENSG00000001167	0.2774888206879431	0.45016758061397893	0.27234359869807795
ENSG00000001460	0.6400051459097529	0.3422895104121057	0.017705343678141347
ENSG00000001461	0.35982127132422337	0.3904884268455683	0.2496903018302084
ENSG00000001497	0.3190569132264677	0.28969415260318887	0.3912489341703434
ENSG00000001561	0.3798575654575922	0.40808481793284146	0.21205761660956635
ENSG00000001617	0.34933136545943	0.5062388339038204	0.14442980063674948
ENSG00000001626	0.4152163068259239	0.21416357946507208	0.3706201137090041
ENSG00000001629	0.35738851784994846	0.3977615037994847	0.2448499783505668
ENSG00000001630	0.38760801810401746	0.33769543951967146	0.2746965423763111
ENSG00000001631	0.3655093991053388	0.3972876785809651	0.23720292231369605
ENSG00000002016	0.3827452775971594	0.331460602291488	0.28579412011135275
ENSG00000002330	0.4231386456770638	0.3039459089340793	0.2729154453888569
ENSG00000002549	0.27935861103122317	0.4367415762325289	0.283899812736248
ENSG00000002726	0.030008978110640867	0.04710703447984412	0.922883987409515
ENSG00000002745	0.22686187041030612	0.4016784995269574	0.3714596300627366
ENSG00000002746	0.3031497230115325	0.3399610039554	0.3568892730330674
ENSG00000002822	0.393797727912705	0.27635631184591436	0.3298459602413806
ENSG00000002834	0.3465038637423467	0.2842330666139318	0.36926306964372146
ENSG00000002919	0.31439000161203307	0.3057347253264917	0.37987527306147517
ENSG00000002933	0.2649888624029695	0.40213648371461125	0.3328746538824194
ENSG00000003056	0.2942105082343727	0.3890998428342677	0.31668964893135954
ENSG00000003096	0.3703607154300241	0.29905550921514085	0.330583775354835
ENSG00000003137	0.4583151544069296	0.35841827792278336	0.1832665676702869
ENSG00000003147	0.42862178167687154	0.3545354327333111	0.21684278558981732
ENSG00000003249	0.41840163330118274	0.23358615302297164	0.3480122136758456
ENSG00000003393	0.3153602710753319	0.3073008293930703	0.37733889953159777
ENSG00000003402	0.3537723703775591	0.35084942256132684	0.2953782070611141
ENSG00000003436	0.2909677834867816	0.21807889945964123	0.49095331705357714
ENSG00000003509	0.4565451015006279	0.21242012612900993	0.3310347723703623
ENSG00000003756	0.3284550161528618	0.37011402363688956	0.30143096021024873
ENSG00000003987	0.312972522762966	0.3152287683025167	0.37179870893451716
ENSG00000003989	0.11016916381140987	0.5229409031404012	0.36688993304818895
ENSG00000004059	0.35895669509957323	0.2934615519730845	0.34758175292734234
ENSG00000004139	0.2491559502441867	0.2833236797722493	0.46752036998356417
ENSG00000004399	0.40729442764757523	0.3253321935367477	0.2673733788156771
ENSG00000004455	0.16796817058586203	0.4751654338806095	0.35686639553352834
ENSG00000004468	0.16535180470915856	0.3961912077429325	0.438456987547909
ENSG00000004478	0.29594064342643545	0.3710982860003646	0.3329610705732
ENSG00000004487	0.30146533936082104	0.3722132005642337	0.3263214600749452
ENSG00000004534	0.43018013414624945	0.4218262824309474	0.14799358342280322
ENSG00000004660	0.23507047316877022	0.318689461341741	0.4462400654894888
ENSG00000004700	0.3110301333031258	0.4544934746026512	0.23447639209422302
ENSG00000004766	0.34489707254864344	0.349923247408622	0.3051796800427345
ENSG00000004776	0.2140227418758241	0.2135850266817618	0.5723922314424142
ENSG00000004777	0.30489603856736547	0.3096282630799714	0.3854756983526631
ENSG00000004779	0.24849423618149752	0.25553363219700087	0.4959721316215016
ENSG00000004799	0.3291463654825139	0.5704276955299874	0.10042593898749856
ENSG00000004809	0.24413477204546377	0.5544308120700271	0.20143441588450908
ENSG00000004838	0.3387539003858918	0.3077663451076042	0.353479754506504
ENSG00000004846	0.0	0.0	1.0
ENSG00000004848	0.34656813507335926	0.17858500229322194	0.4748468626334188
ENSG00000004864	0.27371246346277395	0.3907419703928815	0.33554556614434466
ENSG00000004866	0.3344992802089428	0.3960921545681059	0.26940856522295115
ENSG00000004897	0.3566225643820684	0.3789268973974656	0.264450538220466
ENSG00000004939	0.5456777297051121	0.0	0.4543222702948878
ENSG00000004948	0.24543429726308313	0.2201929720358466	0.5343727307010703
ENSG00000004961	0.339829281622512	0.34042598423490295	0.31974473414258503
ENSG00000004975	0.3482284879876532	0.342681893077261	0.3090896189350858
ENSG00000005001	0.0	0.0	1.0
ENSG00000005007	0.26790160500907284	0.34206833069144743	0.39003006429947984
ENSG00000005020	0.4037357412255353	0.35395426016722586	0.24230999860723887
ENSG00000005022	0.3681651047901024	0.3136816164950296	0.3181532787148679
ENSG00000005059	0.22035692832576254	0.4398552026093935	0.339787869064844
ENSG00000005073			
ENSG00000005075	0.10349443671564339	0.2970863213931781	0.5994192418911786
ENSG00000005100	0.29961654317068726	0.38459874037492764	0.31578471645438505
ENSG00000005102	0.0	0.0	1.0
ENSG00000005108	0.23846410786674482	0.3718076492286172	0.389728242904638
ENSG00000005156	0.4318814143075235	0.31973304826373034	0.24838553742874608
ENSG00000005175	0.34773535986911364	0.34976787173440027	0.30249676839648615
ENSG00000005187	0.17069250818120782	0.3946627088077695	0.4346447830110228
ENSG00000005189	0.38454691959861886	0.42638176553773927	0.1890713148636418
ENSG00000005194	0.4120427374109225	0.32006056007294215	0.2678967025161354
ENSG00000005206	0.24571510013342274	0.2488542038195181	0.5054306960470594
ENSG00000005238	0.297192793048735	0.3443589521173432	0.3584482548339219
ENSG00000005243	0.21089827785050705	0.2341642420223113	0.5549374801271817
ENSG00000005249	0.341750546397265	0.38845385945577393	0.2697955941469612
ENSG00000005302	0.373800049460613	0.3923138966777114	0.2338860538616756
ENSG00000005339	0.3180272195947559	0.34690258378953465	0.3350701966157094
ENSG00000005379	0.38810263690969454	0.31459416756529707	0.2973031955250085
ENSG00000005381	0.3617411373948098	0.6178747340943506	0.02038412851083961
ENSG00000005421	0.7878920534501687	0.12527639087748424	0.08683155567234717
ENSG00000005436	0.46823432920844443	0.4151770572528277	0.11658861353872778
ENSG00000005448	0.3052371159653908	0.2935016605891068	0.40126122344550236
ENSG00000005469	0.46723519488525805	0.40047127372175806	0.13229353139298392
ENSG00000005471	0.3201242842244353	0.34824887519272213	0.33162684058284253
ENSG00000005483	0.3046363186358329	0.3844026028604587	0.3109610785037085
ENSG00000005486	0.43202157831209315	0.2980309234836312	0.2699474982042757
ENSG00000005513	0.2757071308716478	0.324987054242723	0.39930581488562916
ENSG00000005700	0.38899721654251773	0.3755654896134431	0.2354372938440391
ENSG00000005810	0.32780192130988356	0.353891120136875	0.3183069585532415
ENSG00000005812	0.305262788892947	0.3494361583807453	0.34530105272630773
ENSG00000005844	0.15217033060501406	0.6360350023981438	0.2117946669968421
ENSG00000005882	0.3318115807721723	0.3143432385483715	0.3538451806794561
ENSG00000005884	0.3865392052580632	0.3757773698988904	0.23768342484304647
ENSG00000005889	0.3032554939839371	0.3978715754583403	0.2988729305577227
ENSG00000005893	0.35694430758815954	0.4036817513854822	0.23937394102635823
ENSG00000005955	0.3414994408132651	0.37290681672068793	0.28559374246604696
ENSG00000005961	0.24492485368663067	0.6051864301159682	0.14988871619740127
ENSG00000005981	0.4988993522913082	0.5011006477086918	0.0
ENSG00000006007	0.35179155265675044	0.3493239392495176	0.298884508093732
ENSG00000006015	0.3132834461757421	0.23729602639788297	0.4494205274263749
ENSG00000006016	0.46181641288334846	0.5133792591395832	0.024804327977068323
ENSG00000006025	0.31275458777118775	0.34040263039217933	0.34684278183663286
ENSG00000006042	0.3522429418778468	0.4742613692019076	0.17349568892024558
ENSG00000006047	0.7948252531197112	0.15544136152458604	0.04973338535570295
ENSG00000006059			
ENSG00000006062	0.255467790586069	0.26142956037492543	0.48310264903900557
ENSG00000006071	0.3711821559945282	0.2572863649314465	0.37153147907402523
ENSG00000006074			
ENSG00000006075	0.6342246804915306	0.2883121055373601	0.07746321397110927
ENSG00000006114	0.30801939231392444	0.3886073869903054	0.30337322069577
ENSG00000006116	0.40380819715112876	0.3092243619008854	0.2869674409479858
ENSG00000006118	0.35516976268306816	0.22355308361825602	0.42127715369867574
ENSG00000006125	0.3610126866878472	0.3933308559688404	0.2456564573433124
ENSG00000006128	0.4230910907402601	0.23217740384206936	0.3447315054176706
ENSG00000006194	0.37124248696962137	0.2739364487388144	0.3548210642915642
ENSG00000006210	0.5634820563919416	0.4365179436080584	0.0
ENSG00000006282	0.47328410385869996	0.39161869249239956	0.1350972036489005
ENSG00000006283	0.3322084525188436	0.2606685802534293	0.4071229672277272
ENSG00000006327	0.3638008188853142	0.5016502398716958	0.13454894124299008
ENSG00000006377	0.2680289064782691	0.3396892827443932	0.39228181077733776
ENSG00000006432	0.33039505283645554	0.31723328355048835	0.3523716636130561
ENSG00000006451	0.35966033295523725	0.37715052316524517	0.26318914387951753
ENSG00000006453	0.414464970900532	0.4896435157505442	0.09589151334892368
ENSG00000006459	0.2599719834265043	0.28886450536906894	0.4511635112044267
ENSG00000006468	0.3143965371707777	0.36601647072380744	0.3195869921054148
ENSG00000006530	0.3186982560363513	0.4330662180741943	0.24823552588945438
ENSG00000006555	0.13676963281784899	0.009853017849623431	0.8533773493325276
ENSG00000006576	0.3190644088890328	0.4554912159069553	0.225444375204012
ENSG00000006606	0.19809513224624112	0.0	0.8019048677537588
ENSG00000006607	0.318146909576216	0.2928466025859813	0.3890064878378028
ENSG00000006611	0.1772194744234648	0.6870066408507232	0.13577388472581206
ENSG00000006625	0.5352214895493198	0.21383347686010232	0.25094503359057785
ENSG00000006634	0.31511321157615474	0.266255380987634	0.4186314074362113
ENSG00000006638	0.8025327502997198	0.10184503621967077	0.09562221348060937
ENSG00000006652	0.44168518736659	0.31838117662053944	0.23993363601287068
ENSG00000006695	0.25764003570383087	0.35574317976152564	0.3866167845346435
ENSG00000006704	0.3131636167966772	0.32964823002051474	0.3571881531828081
ENSG00000006712	0.4219624039360121	0.2713307628774196	0.30670683318656833
ENSG00000006715	0.2998872651341932	0.523730413560257	0.17638232130554982
ENSG00000006740	0.30814762283636693	0.2654340848343066	0.4264182923293264
ENSG00000006744	0.5337354163606434	0.24674841377598336	0.21951616986337333
ENSG00000006747	0.22353389201112106	0.08378992709908792	0.6926761808897911
ENSG00000006757	0.7217336138677414	0.17625268207516295	0.10201370405709573
ENSG00000006788	0.16096514530797723	0.22848745731652878	0.610547397375494
ENSG00000006831	0.3026760401170296	0.45575382942673126	0.24157013045623918
ENSG00000006837	0.41406247900251353	0.3586158527458973	0.2273216682515891
ENSG00000007001	0.9107851175200616	0.08921488247993842	0.0
ENSG00000007038	0.0540936865623568	0.09179356500035529	0.8541127484372879
ENSG00000007047	0.3246589756903117	0.3382431533665142	0.337097870943174
ENSG00000007062	0.31272331323062913	0.4023284781548207	0.28494820861455017
ENSG00000007080	0.3297937846231936	0.28604962233025666	0.3841565930465498
ENSG00000007168	0.2952767022802632	0.4249784770173251	0.27974482070241163
ENSG00000007171	0.7578956305790141	0.22982738420698204	0.012276985214003833
ENSG00000007174	0.3273857422335928	0.25394521252565844	0.41866904524074866
ENSG00000007202	0.3468270108132256	0.350366104185748	0.30280688500102637
ENSG00000007216	0.13365756606911108	0.5455095842891172	0.32083284964177156
ENSG00000007237	0.3155529086753679	0.37448996156107817	0.30995712976355394
ENSG00000007255	0.5617359751034913	0.0	0.4382640248965089
ENSG00000007264	0.4274141668596304	0.20556024133078854	0.3670255918095811
ENSG00000007312	0.438115836530736	0.561884163469264	0.0
ENSG00000007314	0.6154122002882211	0.0	0.3845877997117789
ENSG00000007341	0.27693022822695607	0.3645688472200478	0.3585009245529963
ENSG00000007350	0.08487572203232462	0.07298279506037107	0.8421414829073044
ENSG00000007372	0.3012802984659591	0.37889045949133077	0.3198292420427101
ENSG00000007376	0.31366311130497515	0.2849915086840889	0.4013453800109359
ENSG00000007384	0.3231155248312075	0.366848497845317	0.31003597732347565
ENSG00000007392	0.34493535974394957	0.3154731778464133	0.339591462409637
ENSG00000007402	0.2844855194505156	0.34401847507555705	0.3714960054739273
ENSG00000007516	0.5233541067476877	0.14285891909671744	0.3337869741555948
ENSG00000007520	0.4322367739250885	0.2527560064478936	0.3150072196270179
ENSG00000007541	0.479329989825083	0.2774628069236282	0.24320720325128886
ENSG00000007545	0.29856612729740334	0.3662368514316808	0.33519702127091594
ENSG00000007866	0.37477291119960304	0.4550335105450119	0.17019357825538506
ENSG00000007908	0.7816957946011742	0.18113940633255957	0.03716479906626628
ENSG00000007923	0.3446353034489542	0.351276845376255	0.3040878511747908
ENSG00000007933	0.2713963133168396	0.012741710186105325	0.7158619764970551
ENSG00000007944	0.44031446737851204	0.24121385826412522	0.31847167435736284
ENSG00000007952	0.6574735235072788	0.3425264764927212	0.0
ENSG00000007968	1.0	0.0	0.0
ENSG00000008018	0.28480173105568246	0.28429692527387446	0.4309013436704431
ENSG00000008056	0.3909333527046935	0.2383548239813075	0.3707118233139991
ENSG00000008083	0.28202124316132976	0.35873221729262567	0.35924653954604463
ENSG00000008086	0.3432058689808035	0.37213388486822463	0.2846602461509719
ENSG00000008118	0.37016161580733487	0.4581273860014239	0.1717109981912412
ENSG00000008128	0.2709199829315213	0.2897139718410453	0.4393660452274334
ENSG00000008130	0.25059286899840705	0.2584086740898001	0.49099845691179284
ENSG00000008196	0.509945164319346	0.18909416923335418	0.3009606664472998
ENSG00000008197	0.4809840128937215	0.19162348157674294	0.32739250552953547
ENSG00000008226	0.18201330769529628	0.7417186875401975	0.07626800476450624
ENSG00000008256	0.31367495825250163	0.32103787075002643	0.365287170997472
ENSG00000008277	0.3259893184179412	0.3778275950982211	0.2961830864838377
ENSG00000008282	0.29243560933517504	0.3993032401916505	0.30826115047317454
ENSG00000008283	0.38951056463333317	0.3040437671341342	0.30644566823253266
ENSG00000008294	0.3277194094113989	0.3780135736086587	0.29426701697994234
ENSG00000008300	0.28739019042077907	0.36176449002774497	0.350845319551476
ENSG00000008311	0.3949835252106553	0.4072356721203486	0.1977808026689961
ENSG00000008323	0.0	0.0	1.0
ENSG00000008324	0.3325635305130564	0.1863011475052405	0.4811353219817031
ENSG00000008382	0.3218568132360821	0.3232206086585672	0.35492257810535066
ENSG00000008394	0.6250311055894209	0.09233277174303742	0.28263612266754157
ENSG00000008405	0.3122020987212392	0.4047453257907893	0.2830525754879715
ENSG00000008441	0.35840777882605435	0.2775678207188995	0.36402440045504614
ENSG00000008513	0.2417347291471472	0.34936207724591045	0.40890319360694244
ENSG00000008516	0.5045930252923241	0.40342351641996527	0.09198345828771069
ENSG00000008710	0.4100563294937845	0.33530092261142297	0.2546427478947926
ENSG00000008735	0.33879851355723734	0.2841738428159823	0.37702764362678043
ENSG00000008838	0.3039395783735645	0.4067316675300787	0.28932875409635683
ENSG00000008853	0.4487625031022669	0.2758522826473897	0.2753852142503435
ENSG00000008869	0.348539793295201	0.3102234800331456	0.3412367266716534
ENSG00000008952	0.35569533990636404	0.34234366417156653	0.3019609959220694
ENSG00000008988	0.4601789709260433	0.4243818690712024	0.11543916000275427
ENSG00000009307	0.33570789488009367	0.38618511978938896	0.2781069853305173
ENSG00000009335	0.32741189291508876	0.3803705023717477	0.29221760471316366
ENSG00000009413	0.370133721661504	0.440582538259773	0.189283740078723
ENSG00000009694	0.3441509365431449	0.3490544967913951	0.3067945666654599
ENSG00000009709	0.23819668077581366	0.7618033192241863	0.0
ENSG00000009724	0.2612492308821971	0.4087879280177831	0.32996284110001983
ENSG00000009765	0.0	0.0	1.0
ENSG00000009780	0.3762621471310292	0.3539414622286854	0.2697963906402854
ENSG00000009790	0.21841014873176479	0.4670447357853147	0.3145451154829205
ENSG00000009830	0.3435370086666488	0.318672435927916	0.33779055540543523
ENSG00000009844	0.36251443026888597	0.36880775068250293	0.26867781904861116
ENSG00000009950	0.4955870696288629	0.33392617326550567	0.1704867571056313
ENSG00000009954	0.26387944669656105	0.4498987923565796	0.2862217609468593
ENSG00000010017	0.37311462804098766	0.36844196075306346	0.25844341120594894
ENSG00000010072	0.44678873425190135	0.2523148333944757	0.30089643235362307
ENSG00000010165	0.467921590431225	0.30140142305426876	0.23067698651450635
ENSG00000010219	0.42138909091318305	0.45635344749239415	0.12225746159442276
ENSG00000010244	0.3664013101789999	0.38035902308290537	0.2532396667380947
ENSG00000010256	0.30300256800565645	0.29718171493023887	0.3998157170641048
ENSG00000010270	0.32106824578528165	0.3857789296958541	0.2931528245188643
ENSG00000010278	0.32998874708090353	0.38633048406184645	0.28368076885724997
ENSG00000010292	0.2146704677227333	0.6092894494913792	0.17604008278588743
ENSG00000010295	0.2820390180756956	0.2826329109837728	0.4353280709405316
ENSG00000010318	0.4391536653045638	0.08298428571685369	0.47786204897858253
ENSG00000010319	0.4268568761407879	0.3749041705887634	0.1982389532704487
ENSG00000010322	0.34458462031237796	0.26342154580915605	0.391993833878466
ENSG00000010327	0.22478148530155403	0.3704619402350184	0.4047565744634276
ENSG00000010361	0.31986442632105844	0.24068991252563882	0.4394456611533027
ENSG00000010379	0.3557348362874065	0.31889623880133794	0.3253689249112556
ENSG00000010404	0.35383236502995924	0.4100673114626281	0.23610032350741278
ENSG00000010610	0.2621945360173197	0.3217696809656383	0.4160357830170419
ENSG00000010626	0.3281591927670662	0.6028771279153475	0.06896367931758624
ENSG00000010671	0.2353850162431034	0.4999694302943521	0.2646455534625446
ENSG00000010704	0.23797842013727985	0.26254137412200296	0.4994802057407172
ENSG00000010803	0.3751341458960596	0.33022230766152133	0.29464354644241914
ENSG00000010810	0.3816634708659136	0.31187683771115293	0.3064596914229335
ENSG00000010818	0.3550412646719133	0.3337370606538594	0.31122167467422734
ENSG00000010932	0.1340225660203376	0.3494373436472768	0.5165400903323856
ENSG00000011007	0.3119846762372797	0.3669549613966914	0.32106036236602886
ENSG00000011009	0.23009270715134197	0.30679270215177545	0.4631145906968826
ENSG00000011021	0.3627951288844765	0.3599931084317545	0.27721176268376885
ENSG00000011028	0.2978760355610697	0.25599563450731583	0.44612832993161444
ENSG00000011052	0.37265806218564157	0.17150140755037058	0.4558405302639878
ENSG00000011083	0.3513981928058253	0.2467737076619084	0.40182809953226634
ENSG00000011105	0.3818824108341808	0.20601744200420397	0.41210014716161525
ENSG00000011114	0.331529244723328	0.4005963557634752	0.26787439951319675
ENSG00000011132	0.25663131110382914	0.42256329501898365	0.3208053938771873
ENSG00000011143	0.1800620454812283	0.43421460814784246	0.3857233463709292
ENSG00000011198	0.3056623778745912	0.43958733809278344	0.25475028403262545
ENSG00000011243	0.3023055432668763	0.3319939695753927	0.36570048715773107
ENSG00000011258	0.24847227072777883	0.4273086038756957	0.32421912539652553
ENSG00000011260	0.4687732685053899	0.10243231145594459	0.4287944200386655
ENSG00000011275	0.3139245159372898	0.42613356170868233	0.25994192235402785
ENSG00000011304	0.3376885118443668	0.4264673540181635	0.2358441341374696
ENSG00000011332	0.3240502025995847	0.3665489109007712	0.3094008864996441
ENSG00000011347	0.35797696864809286	0.2883579628868091	0.3536650684650981
ENSG00000011376	0.3751690405131573	0.40698857845532194	0.21784238103152068
ENSG00000011405	0.38521505883225177	0.4285491856595738	0.18623575550817453
ENSG00000011422	0.522472466242715	0.2087642400665861	0.26876329369069896
ENSG00000011426	0.31108927612162107	0.44905461666110696	0.23985610721727205
ENSG00000011451	0.36003331918534437	0.30859324179583075	0.3313734390188247
ENSG00000011454	0.33486566357640374	0.3885966753120471	0.27653766111154915
ENSG00000011465	0.39271852998350554	0.353117083525028	0.25416438649146644
ENSG00000011478	0.4564589379935817	0.25817042808053625	0.28537063392588197
ENSG00000011485	0.3523716984606885	0.33588198675547504	0.31174631478383646
ENSG00000011523	0.4015391656034727	0.3743524067310082	0.22410842766551903
ENSG00000011566	0.28853334871260533	0.40376137249152017	0.3077052787958745
ENSG00000011590	0.041276344713750274	0.07984992650990506	0.8788737287763447
ENSG00000011600	0.18381453065020384	0.5549102765355881	0.2612751928142081
ENSG00000011638	0.526497627113273	0.2994012945224183	0.17410107836430871
ENSG00000011677	0.3775348931816273	0.3464297537401724	0.2760353530782004
ENSG00000012048	0.34411961366732396	0.2789180325140896	0.37696235381858634
ENSG00000012061	0.3027488560168211	0.5457942343161414	0.1514569096670375
ENSG00000012124	0.43845594877366534	0.35403240097034533	0.20751165025598928
ENSG00000012171	0.4282439725692544	0.3890353822854229	0.18272064514532269
ENSG00000012174	0.3898787260661844	0.39954001901462594	0.21058125491918975
ENSG00000012211	0.38097288092320175	0.32670801983158704	0.29231909924521116
ENSG00000012223	0.8699343416644968	0.09127411957051627	0.038791538764986915
ENSG00000012232	0.35171813539803537	0.35228263350101885	0.2959992311009458
ENSG00000012504	0.0	1.0	0.0
ENSG00000012660	0.32130396056496385	0.43471944702005805	0.2439765924149781
ENSG00000012779	0.2971591247283003	0.4953274258802786	0.20751344939142108
ENSG00000012822	0.30750971274954	0.42173603205916044	0.2707542551912997
ENSG00000012963	0.29257254683033057	0.4044242828684749	0.3030031703011945
ENSG00000012983	0.3683985919107198	0.43550814283939676	0.1960932652498835
ENSG00000013016	0.3730585263766565	0.3243733614197051	0.3025681122036386
ENSG00000013275	0.33771757842798344	0.33160470163743844	0.3306777199345782
ENSG00000013288	0.496018701255599	0.210853173455301	0.29312812528910004
ENSG00000013293	0.28547634275917105	0.3996356270592436	0.31488803018158534
ENSG00000013297	0.27843278887280243	0.37675275585395496	0.3448144552732426
ENSG00000013306	0.3527681584599722	0.38286028489478874	0.2643715566452391
ENSG00000013364	0.2792029840272049	0.22999005199837247	0.4908069639744226
ENSG00000013374	0.27586854912490244	0.3965645547783378	0.3275668960967598
ENSG00000013375	0.33424001649108176	0.3951398084217105	0.27062017508720776
ENSG00000013392	0.4071658656209892	0.30165648150776103	0.2911776528712497
ENSG00000013441	0.34082881145705923	0.3172600860857735	0.3419111024571672
ENSG00000013503	0.30137500697428593	0.30174364780339247	0.39688134522232166
ENSG00000013523	0.3375850714704038	0.4053838508161905	0.25703107771340583
ENSG00000013561	0.3635296527325642	0.3930386664236904	0.24343168084374522
ENSG00000013563	0.7067009979594729	0.22483655208473313	0.06846244995579392
ENSG00000013583	0.26132722607229075	0.3799850867485224	0.35868768717918686
ENSG00000013588	0.7021932756219377	0.1256088599455448	0.1721978644325175
ENSG00000013619	0.3064024884713466	0.3410381025134286	0.35255940901522476
ENSG00000013725	0.6882135170215395	0.14980267565683783	0.16198380732162257
ENSG00000013810	0.517105590555173	0.1462140709135834	0.3366803385312435
ENSG00000014123	0.3241193102589971	0.37634917027543907	0.2995315194655639
ENSG00000014138	0.3039477900631406	0.42736289704084895	0.26868931289601045
ENSG00000014164	0.32634040733604835	0.3342544877617885	0.3394051049021631
ENSG00000014216	0.3494833527727436	0.3542038111302849	0.2963128360969715
ENSG00000014257	0.29119353404035586	0.3907542204534535	0.31805224550619055
ENSG00000014641	0.35030006977225453	0.32931399886630314	0.32038593136144233
ENSG00000014824	0.3707485168203951	0.3920873181583307	0.2371641650212741
ENSG00000014914	0.4066348295198857	0.4362347387343019	0.1571304317458124
ENSG00000014919	0.31501329784689475	0.4410949742903098	0.24389172786279534
ENSG00000015133	0.3313761921708304	0.1829096109274611	0.4857141969017085
ENSG00000015153	0.32106853486312226	0.3591910927597194	0.3197403723771583
ENSG00000015171	0.2833743908042582	0.377442989169519	0.33918262002622274
ENSG00000015413	0.12964399088542078	0.0	0.8703560091145793
ENSG00000015475	0.5716962220536937	0.29662110936797825	0.13168266857832814
ENSG00000015479	0.4320147438793812	0.44250163125140574	0.12548362486921302
ENSG00000015520	0.11785180848146397	0.0	0.882148191518536
ENSG00000015532	0.25454606888861836	0.3019117492074843	0.4435421819038972
ENSG00000015592	0.2958647467896626	0.2831260728999307	0.4210091803104068
ENSG00000015676	0.34725981598148004	0.34324218523540395	0.30949799878311607
ENSG00000016082			
ENSG00000016391	0.3089863310982585	0.37518411623677556	0.31582955266496593
ENSG00000016402	0.23444311683090266	0.4443843722449052	0.3211725109241923
ENSG00000016490	0.0	0.0	1.0
ENSG00000016602	0.6151589198244515	0.3639815915354544	0.020859488640094154
ENSG00000016864	0.37237988131987776	0.3596882751576758	0.2679318435224464
ENSG00000017260	0.40303910794968534	0.39523746971978907	0.2017234223305256
ENSG00000017373	0.24817469406540515	0.33874860066247475	0.41307670527212004
ENSG00000017427	0.16210244308773447	0.316687544855364	0.5212100120569014
ENSG00000017483	0.26627167031761495	0.4033280742524523	0.33040025542993273
ENSG00000017621	0.2931896769040647	0.13959076613959132	0.567219556956344
ENSG00000017797	0.32976999667319223	0.3953198273726492	0.27491017595415856
ENSG00000018189	0.35073830017439017	0.4227843163367611	0.2264773834888488
ENSG00000018236	0.29632607803841793	0.40666113074479515	0.2970127912167869
ENSG00000018280	0.3481810647751702	0.35429375728545404	0.29752517793937594
ENSG00000018408	0.41580463155038394	0.353016531033488	0.2311788374161281
ENSG00000018510	0.3505597230289293	0.35394330619943365	0.29549697077163717
ENSG00000018610	0.589903923080511	0.0950796370740977	0.3150164398453914
ENSG00000018625	0.2772312153844682	0.39447819739143725	0.32829058722409454
ENSG00000018699	0.3249497740035836	0.3086711213272497	0.3663791046691665
ENSG00000018869	0.32290516894210536	0.5416130184965655	0.1354818125613291
ENSG00000019102	0.42615099894492553	0.5185091960049274	0.055339805050147114
ENSG00000019144	0.35468133843252647	0.3010942095759465	0.34422445199152707
ENSG00000019169	0.7082414505117619	0.2688200514297411	0.022938498058497
ENSG00000019186	0.7989730569682313	0.10874358120765329	0.09228336182411552
ENSG00000019485	0.3731516026644068	0.33113118858554624	0.295717208750047
ENSG00000019505	0.3099320472432682	0.36646077943177335	0.3236071733249583
ENSG00000019549	0.42505396751446806	0.1033528298289913	0.47159320265654064
ENSG00000019582	0.29680522852091024	0.4753907091824166	0.22780406229667308
ENSG00000019991	0.3269152365633228	0.42181454867909485	0.2512702147575824
ENSG00000019995	0.4020150925760471	0.39022573572871844	0.20775917169523445
ENSG00000020129	0.312644840280225	0.321036696793713	0.36631846292606196
ENSG00000020181	0.3311094755819848	0.3195205155665968	0.34937000885141845
ENSG00000020256	0.3875672886562119	0.3203127688239896	0.29211994251979856
ENSG00000020426	0.36432258697747366	0.3980554187925217	0.23762199423000469
ENSG00000020577	0.30005567520400916	0.39763639968213377	0.30230792511385696
ENSG00000020633	0.40516432492076726	0.3592665655294774	0.2355691095497554
ENSG00000020922	0.3446315873077982	0.4080935018897528	0.24727491080244896
ENSG00000021300	0.37288276291125594	0.34058069617679126	0.28653654091195263
ENSG00000021355	0.20586396174870644	0.3716437192557547	0.42249231899553885
ENSG00000021461	0.5398854932394295	0.35721676859491386	0.10289773816565671
ENSG00000021488	0.09172996734181822	0.1268850887763437	0.7813849438818381
ENSG00000021574	0.3233737525386417	0.3314604470563985	0.34516580040495976
ENSG00000021645	0.3430630036025631	0.3586852619544902	0.29825173444294684
ENSG00000021762	0.40962752978595096	0.23134193239786846	0.3590305378161806
ENSG00000021776	0.21550771272150684	0.38608189371944296	0.3984103935590501
ENSG00000021826	0.6864792183366144	0.23249369290758481	0.08102708875580086
ENSG00000021852	0.0	0.0	1.0
ENSG00000022267	0.38805537125079725	0.32273529922891436	0.28920932952028844
ENSG00000022277	0.38571278963852723	0.3694353114238256	0.244851898937647
ENSG00000022355	0.36360331956898456	0.3631573748382294	0.2732393055927861
ENSG00000022556	0.988071012494976	0.0	0.01192898750502405
ENSG00000022567	0.37680998336722954	0.2874498150839024	0.3357402015488682
ENSG00000022840	0.36363486865248923	0.3570776227839118	0.2792875085635989
ENSG00000022976	0.4737187632073216	0.37336080681291894	0.15292042997975946
ENSG00000023041	0.3616534463712665	0.30248293874546295	0.3358636148832705
ENSG00000023171	0.2907519375453403	0.3291971303001739	0.3800509321544859
ENSG00000023191	0.32567890375908287	0.3505859511649059	0.32373514507601125
ENSG00000023228	0.3220330348926716	0.41191041249972354	0.26605655260760486
ENSG00000023287	0.36858940508387766	0.36174539991664234	0.2696651949994799
ENSG00000023318	0.35102849142152187	0.41927148243044504	0.229700026148033
ENSG00000023330	0.3660068986372912	0.35822969305887203	0.2757634083038367
ENSG00000023445	0.09435514612994511	0.7670932139073663	0.13855163996268866
ENSG00000023572	0.303707049716272	0.3075464197452906	0.38874653053843744
ENSG00000023608	0.25754814371814966	0.36337363099299014	0.37907822528886026
ENSG00000023697	0.46015074297265374	0.39997374579517253	0.13987551123217376
ENSG00000023734	0.47192110803332504	0.4049159727314509	0.12316291923522396
ENSG00000023892	0.3099060967600502	0.3636023853189984	0.32649151792095127
ENSG00000023902	0.3220611419247592	0.31174203569713343	0.3661968223781073
ENSG00000023909	0.31446827286278867	0.44911625175521164	0.2364154753819996
ENSG00000024048	0.32082437562520455	0.3626964253259441	0.3164791990488513
ENSG00000024422	0.34989083400944077	0.30926152950889463	0.3408476364816645
ENSG00000024526	0.2866160300390952	0.6806220581310588	0.03276191182984603
ENSG00000024862	0.33578221052481233	0.4137535383968713	0.25046425107831655
ENSG00000025039	0.2860361177167987	0.3989329207891562	0.3150309614940452
ENSG00000025156	0.37233601289423696	0.3511701463442323	0.2764938407615307
ENSG00000025293	0.33627716021362314	0.37178405827102246	0.29193878151535446
ENSG00000025423	0.24793671173180867	0.0544878356180798	0.6975754526501116
ENSG00000025434	0.5728933656234142	0.3079946432474357	0.11911199112915011
ENSG00000025708	0.33101612920470724	0.4848556410353827	0.18412822975991008
ENSG00000025770	0.26669430775751474	0.3372427017935708	0.3960629904489145
ENSG00000025772	0.3403347685321475	0.39532226151687594	0.26434296995097667
ENSG00000025796	0.35066500298418035	0.3811304565310556	0.26820454048476405
ENSG00000025800	0.25143091703173764	0.38170739817044325	0.3668616847978192
ENSG00000026025	0.48254378894240113	0.24168915143325798	0.27576705962434084
ENSG00000026036	0.297954731573862	0.40570514071071223	0.2963401277154257
ENSG00000026103	0.519149310950232	0.39031208762865605	0.09053860142111189
ENSG00000026297	0.26463080186970694	0.3012548471415781	0.434114350988715
ENSG00000026508	0.3273734795010179	0.4177733913053692	0.25485312919361286
ENSG00000026652	0.40980589196677975	0.2711995333415393	0.318994574691681
ENSG00000026751	0.6258328733322185	0.37416712666778157	0.0
ENSG00000027001	0.23821302532350028	0.22304754279734873	0.5387394318791511
ENSG00000027075	0.385297075949474	0.43916788183334554	0.17553504221718044
ENSG00000027644	0.7102509271132524	0.18047831177773743	0.1092707611090101
ENSG00000027697	0.3016491128557754	0.480449628313147	0.2179012588310777
ENSG00000027847	0.2820983396276909	0.3619218488189818	0.3559798115533273
ENSG00000027869	0.7563158898629261	0.243684110137074	0.0
ENSG00000028116	0.3459707050767652	0.4022497146240274	0.2517795802992074
ENSG00000028137	0.3069184229838048	0.364753394783333	0.32832818223286214
ENSG00000028203	0.39891086902948686	0.36716854093361634	0.23392059003689672
ENSG00000028277	0.2304875526169536	0.43527352508459005	0.33423892229845636
ENSG00000028310	0.31250907802027456	0.3328830483025282	0.3546078736771974
ENSG00000028528	0.266405171843093	0.3874362813246354	0.3461585468322716
ENSG00000028839	0.40026062338857493	0.46515814818377266	0.13458122842765238
ENSG00000029153	0.3138475869515449	0.3609568044681132	0.3251956085803419
ENSG00000029363	0.3122411583883112	0.3963164882155024	0.2914423533961863
ENSG00000029364	0.3320147109589894	0.40022258523458226	0.26776270380642836
ENSG00000029534	0.25083222512993597	0.30725567326272374	0.44191210160734035
ENSG00000029559	0.16883809152186216	0.6518365740047172	0.17932533447342056
ENSG00000029639	0.25713814065395296	0.29325899360738883	0.4496028657386582
ENSG00000029725	0.31794684594266437	0.38333934786339807	0.2987138061939375
ENSG00000029993	0.4287818105635264	0.40451856755333343	0.1666996218831403
ENSG00000030066	0.3080092679292913	0.4526892685539785	0.23930146351673018
ENSG00000030304	0.11596343417266707	0.05152153659153592	0.832515029235797
ENSG00000030419	0.2556268659228639	0.4839885817521238	0.2603845523250124
ENSG00000030582	0.29580911990739417	0.3395380758710622	0.36465280422154356
ENSG00000031003	0.34105401093337895	0.39990688394672735	0.2590391051198937
ENSG00000031081	0.3435054772837348	0.4206547065983994	0.23583981611786592
ENSG00000031691	0.6812789930876363	0.3187210069123637	0.0
ENSG00000031698	0.33135838586307165	0.3308809567162317	0.33776065742069666
ENSG00000031823	0.34289199243631846	0.31588947804026524	0.3412185295234162
ENSG00000032219	0.3175392789620952	0.32899776404372777	0.35346295699417696
ENSG00000032389	0.25293885761070634	0.36583864990968784	0.3812224924796059
ENSG00000032444	0.3265517200980026	0.38711358021436965	0.2863346996876277
ENSG00000032742	0.24180471659199135	0.44003405620605024	0.31816122720195844
ENSG00000033011	0.3374063840073123	0.4516785968112328	0.2109150191814548
ENSG00000033030	0.31137348923329755	0.3796934708848698	0.30893303988183257
ENSG00000033050	0.41460080209577566	0.3332524585151592	0.25214673938906523
ENSG00000033100	0.34823795471686075	0.31227924000870005	0.3394828052744392
ENSG00000033122	0.3535437034166303	0.28328449626273067	0.36317180032063906
ENSG00000033170	0.40700226567247433	0.2991858095539708	0.29381192477355483
ENSG00000033178	0.42334313350890573	0.3273873776607791	0.2492694888303152
ENSG00000033327	0.3489426253506779	0.41618787749060576	0.23486949715871638
ENSG00000033627	0.37420466823099835	0.31121662002651407	0.31457871174248764
ENSG00000033800	0.32714693008497886	0.3985607063175379	0.27429236359748327
ENSG00000033867	0.32406776500541873	0.4601133669536592	0.215818868040922
ENSG00000034053	0.3534219790220376	0.29347339304235254	0.3531046279356098
ENSG00000034063	0.13662729261580978	0.5402885329396294	0.3230841744445609
ENSG00000034152	0.4322642969297695	0.36926256626274345	0.19847313680748715
ENSG00000034239	0.5501796561783278	0.20045230588926574	0.24936803793240647
ENSG00000034510	0.40116716701156435	0.2382558743788773	0.36057695860955835
ENSG00000034533	0.43202164566299683	0.3487937679338829	0.21918458640312025
ENSG00000034677	0.33557880597251444	0.3752777383318412	0.2891434556956445
ENSG00000034693	0.3255098068866636	0.2828023836727379	0.3916878094405986
ENSG00000034713	0.3603596385689416	0.3596170269710408	0.28002333446001754
ENSG00000034971	0.0055725951292286925	0.024267237111781394	0.9701601677589899
ENSG00000035115	0.5583164365828842	0.39070113848596494	0.050982424931150926
ENSG00000035141	0.3888817540789238	0.44180141644581467	0.16931682947526147
ENSG00000035403	0.3872879850220696	0.3379357108816596	0.2747763040962708
ENSG00000035499	0.590376570210802	0.33208061403850236	0.07754281575069556
ENSG00000035664	0.3619334530677291	0.3884045565333623	0.24966199039890857
ENSG00000035681	0.32934570641921096	0.25553310703892423	0.41512118654186464
ENSG00000035687	0.4720874030502683	0.34976595064080573	0.178146646308926
ENSG00000035720			
ENSG00000035862	0.37646386062942605	0.35860305051568464	0.2649330888548895
ENSG00000035928	0.3076396373213622	0.3796412343095957	0.31271912836904203
ENSG00000036054	0.3540192873640292	0.3261045298763224	0.3198761827596483
ENSG00000036257	0.3569575434619711	0.331999568029095	0.31104288850893397
ENSG00000036448	0.2376637748197961	0.6194073616978891	0.14292886348231493
ENSG00000036473	0.7551735828586927	0.24482641714130732	0.0
ENSG00000036530	0.3749252847405394	0.3060408112366064	0.31903390402285436
ENSG00000036549	0.3045315130769156	0.3939727936503916	0.30149569327269266
ENSG00000036565	0.0	0.0	1.0
ENSG00000036672	0.3262960137274679	0.41764480942011706	0.256059176852415
ENSG00000036828	0.0	0.45035186512042896	0.549648134879571
ENSG00000037042	0.43851499557565177	0.29863052132062895	0.2628544831037193
ENSG00000037241	0.226972326720534	0.27007127648758084	0.5029563967918852
ENSG00000037280	0.28427312225678447	0.46916996061991717	0.24655691712329839
ENSG00000037474	0.37496063245841815	0.3515971948651589	0.27344217267642296
ENSG00000037637	0.44183660589959634	0.26821020965078	0.2899531844496237
ENSG00000037749	0.27652168782571135	0.37361504655867167	0.34986326561561687
ENSG00000037757	0.4095112418999708	0.27442894400163065	0.31605981409839856
ENSG00000037897	0.4583733337730656	0.3367707686843163	0.204855897542618
ENSG00000037965			
ENSG00000038002	0.2966847611595127	0.40592912164332223	0.29738611719716507
ENSG00000038210	0.324205939861036	0.5024504467876002	0.17334361335136367
ENSG00000038219	0.3070632738253535	0.3632601898691405	0.32967653630550603
ENSG00000038274	0.3551710945818882	0.3656830473065116	0.27914585811160025
ENSG00000038295	0.3720697882033258	0.3421040242301234	0.2858261875665507
ENSG00000038358	0.3254746143166516	0.31480096946520203	0.3597244162181465
ENSG00000038382	0.32097185555851326	0.36687267481091135	0.3121554696305754
ENSG00000038427	0.3169040198039266	0.3628191263910181	0.3202768538050552
ENSG00000038532	0.27626626687543704	0.44171955023183773	0.28201418289272523
ENSG00000038945	0.47447518962197666	0.45396261381480024	0.07156219656322303
ENSG00000039068	0.5489562512321667	0.3100101399883705	0.14103360877946283
ENSG00000039123	0.36501034253685355	0.3545164461274215	0.28047321133572506
ENSG00000039139	0.261101757215641	0.28695134877343426	0.45194689401092475
ENSG00000039319	0.3829660580975968	0.401293704196074	0.21574023770632925
ENSG00000039523	0.3062356811721954	0.37376741048866796	0.3199969083391366
ENSG00000039537	0.2299750434753746	0.21522669494875843	0.5547982615758669
ENSG00000039560	0.27446473701590174	0.3825966635199886	0.34293859946410954
ENSG00000039600	0.11087050098651782	0.8305489240858732	0.05858057492760884
ENSG00000039650	0.3215030783913767	0.363101845787251	0.31539507582137216
ENSG00000039987	0.1316122849666708	0.8683877150333292	0.0
ENSG00000040199	0.3374278570231986	0.3824042488506139	0.2801678941261874
ENSG00000040275	0.1941296615140856	0.30947698643468535	0.496393352051229
ENSG00000040341	0.3679171586116022	0.3245892072149781	0.3074936341734197
ENSG00000040487	0.2469609016009338	0.49371968259693183	0.25931941580213436
ENSG00000040531	0.2467889112655739	0.42661691888542436	0.3265941698490018
ENSG00000040608	0.3229716411801657	0.27258274511453295	0.40444561370530135
ENSG00000040633	0.3268840058762854	0.2930734848248054	0.38004250929890915
ENSG00000040731	0.3949774489124403	0.3805576598189774	0.22446489126858232
ENSG00000040933	0.29907927555343344	0.31409629693490465	0.3868244275116619
ENSG00000041353	0.4813831760228347	0.3413865574860117	0.17723026649115356
