ENSEMBL ID	Human_Primary_Visual_Cortex_Relative_Gene_Expression_Difference(RPKM)	Chimp_Primary_Visual_Cortex_Relative_Gene_Expression_Difference(RPKM)	Rhesus_Monkey_Primary_Visual_Cortex_Relative_Gene_Expression_Difference(RPKM)
ENSG00000000003	0.31434351503967867	0.40164331905299455	0.28401316590732667
ENSG00000000005	0.07844755304131865	0.1840817669472187	0.7374706800114625
ENSG00000000419	0.3460224200901568	0.3256403045301004	0.3283372753797429
ENSG00000000457	0.16503243627811548	0.3609784502843738	0.47398911343751066
ENSG00000000460	0.37803030719737096	0.28788140425097164	0.33408828855165734
ENSG00000000938	0.39192942777696615	0.42226083923593943	0.1858097329870944
ENSG00000000971	0.2118401279081301	0.0711179659869768	0.7170419061048932
ENSG00000001036	0.4377365390639596	0.3214376984555935	0.24082576248044701
ENSG00000001084	0.3089730345918217	0.41335750764936646	0.27766945775881186
ENSG00000001167	0.3264388496731214	0.4151160641058994	0.2584450862209792
ENSG00000001460	0.5529434569856028	0.4128848760868353	0.03417166692756204
ENSG00000001461	0.33579127353143423	0.33257514271843736	0.3316335837501284
ENSG00000001497	0.30561982496158796	0.2754196428561712	0.41896053218224083
ENSG00000001561	0.38540174055547	0.37901774416000483	0.23558051528452512
ENSG00000001617	0.22436865350293725	0.5496285104349198	0.22600283606214297
ENSG00000001626	0.44741129799148033	0.3118206116371576	0.24076809037136207
ENSG00000001629	0.38930741520416196	0.3329974240054004	0.27769516079043766
ENSG00000001630	0.3354750262282815	0.3657847161720576	0.29874025759966083
ENSG00000001631	0.3141282697966551	0.4087654770432649	0.2771062531600801
ENSG00000002016	0.38778206404584253	0.3146673475548296	0.2975505883993278
ENSG00000002330	0.4528997269677822	0.4010304703955067	0.14606980263671115
ENSG00000002549	0.29836176187811025	0.4462794364579359	0.25535880166395386
ENSG00000002726	0.0	1.0	0.0
ENSG00000002745	0.11016478606852928	0.3261842155414035	0.5636509983900673
ENSG00000002746	0.1858183769633508	0.333534502617801	0.4806471204188481
ENSG00000002822	0.37731735416634976	0.31632233638073315	0.30636030945291715
ENSG00000002834	0.25183347701051273	0.2894985504644471	0.4586679725250402
ENSG00000002919	0.257195090423371	0.2997763897578004	0.4430285198188287
ENSG00000002933	0.35235541830759737	0.3635333004466908	0.2841112812457118
ENSG00000003056	0.2332463932025058	0.3839767102140646	0.3827768965834295
ENSG00000003096	0.25751942414506646	0.27910394323843524	0.46337663261649825
ENSG00000003137	0.3103716687839362	0.392141989553229	0.2974863416628348
ENSG00000003147	0.36246782310298586	0.36521064953334326	0.2723215273636708
ENSG00000003249	0.38965140624017475	0.23010355080779965	0.38024504295202555
ENSG00000003393	0.20034397852206134	0.32741459967678405	0.4722414218011547
ENSG00000003402	0.417223483179925	0.28669696503304337	0.29607955178703166
ENSG00000003436	0.253218308067538	0.2823378178432472	0.4644438740892149
ENSG00000003509	0.38380394026107034	0.22277197538586205	0.3934240843530676
ENSG00000003756	0.3288354699354573	0.3474695783068549	0.32369495175768775
ENSG00000003987	0.21292616448957452	0.28744047411339657	0.49963336139702885
ENSG00000003989	0.106577247355445	0.42953088676208456	0.46389186588247044
ENSG00000004059	0.3276046767358926	0.3747462313177316	0.29764909194637595
ENSG00000004139	0.20300834486615785	0.2897706011661692	0.5072210539676729
ENSG00000004399	0.30941635870470363	0.3602252767942254	0.3303583645010709
ENSG00000004455	0.2226942272912495	0.4554187638114698	0.3218870088972807
ENSG00000004468	0.1748991055107616	0.31934777570957606	0.5057531187796623
ENSG00000004478	0.24289038060155935	0.3678278903850595	0.3892817290133812
ENSG00000004487	0.2728161402284163	0.36289647331641195	0.3642873864551717
ENSG00000004534	0.4410421611681973	0.4166329742281365	0.14232486460366633
ENSG00000004660	0.1379823159239919	0.39696490894384445	0.4650527751321637
ENSG00000004700	0.28559904261672076	0.4031051511693289	0.3112958062139504
ENSG00000004766	0.2617512181140728	0.3874961381410222	0.350752643744905
ENSG00000004776	0.23780930359797736	0.13825836411340583	0.6239323322886169
ENSG00000004777	0.31303978495122364	0.39404757884282404	0.29291263620595237
ENSG00000004779	0.23910252199972434	0.3010591786617657	0.4598382993385099
ENSG00000004799	0.5324839050960546	0.365873397910301	0.10164269699364441
ENSG00000004809	0.3670687648998332	0.3642502898431796	0.26868094525698727
ENSG00000004838	0.293460287294021	0.24608608672707458	0.4604536259789043
ENSG00000004846			
ENSG00000004848	0.2475743638298378	0.2604522273122763	0.49197340885788593
ENSG00000004864	0.330413014300359	0.3891691256874222	0.28041786001221886
ENSG00000004866	0.31476775879087016	0.3725584583689591	0.3126737828401708
ENSG00000004897	0.2950642814152356	0.34518150503842054	0.35975421354634385
ENSG00000004939	0.6065655001381939	0.0	0.393434499861806
ENSG00000004948	0.0	0.0	1.0
ENSG00000004961	0.2582660468744427	0.33523227143527407	0.4065016816902833
ENSG00000004975	0.3970587887323156	0.32444282921244816	0.2784983820552362
ENSG00000005001			
ENSG00000005007	0.23583667849927673	0.33407415232837906	0.43008916917234424
ENSG00000005020	0.299450241790397	0.4557395735943213	0.24481018461528178
ENSG00000005022	0.33754364166148954	0.3221603785817186	0.3402959797567918
ENSG00000005059	0.1763969108872769	0.45882718375052156	0.3647759053622016
ENSG00000005073			
ENSG00000005075	0.17704046772469192	0.3083846671186005	0.5145748651567076
ENSG00000005100	0.23265581417788514	0.3215832186617949	0.44576096716032
ENSG00000005102	0.29568777303207533	0.2667052295563126	0.43760699741161213
ENSG00000005108	0.1488308721461424	0.35367751421765437	0.4974916136362032
ENSG00000005156	0.3197322685810032	0.34539241015590316	0.33487532126309355
ENSG00000005175	0.29468506604803935	0.30493631366640356	0.4003786202855571
ENSG00000005187	0.422595211028534	0.2861369500193944	0.29126783895207153
ENSG00000005189	0.295799489836891	0.4657267803579364	0.23847372980517256
ENSG00000005194	0.33130511610224844	0.33544051258248103	0.3332543713152706
ENSG00000005206	0.22981122215590843	0.25167225750312255	0.5185165203409691
ENSG00000005238	0.3590940887811851	0.3287436012039863	0.31216231001482864
ENSG00000005243	0.3924750894484888	0.20251934494802426	0.405005565603487
ENSG00000005249	0.2423121056610514	0.4213604062990756	0.3363274880398729
ENSG00000005302	0.2999102366671308	0.43004432142893395	0.27004544190393515
ENSG00000005339	0.2599442815784823	0.33453672363564296	0.4055189947858748
ENSG00000005379	0.26020479211480224	0.3722531369230997	0.36754207096209807
ENSG00000005381	0.33141041663807336	0.620374079564645	0.04821550379728174
ENSG00000005421	0.5624895045764986	0.0	0.43751049542350146
ENSG00000005436	0.5659003234064165	0.2958169090128001	0.13828276758078334
ENSG00000005448	0.26657329563120274	0.3776901083145446	0.3557365960542527
ENSG00000005469	0.3180848067619022	0.41729133451619904	0.2646238587218987
ENSG00000005471	0.4393811718266154	0.3201925943172213	0.24042623385616327
ENSG00000005483	0.26148497935932186	0.34847764362665884	0.3900373770140193
ENSG00000005486	0.3924415958540599	0.35009317182106153	0.2574652323248786
ENSG00000005513	0.3905023217286444	0.3454642414298429	0.2640334368415127
ENSG00000005700	0.3284940392279735	0.378523320146926	0.2929826406251006
ENSG00000005810	0.21099992467227346	0.34350620028624534	0.44549387504148114
ENSG00000005812	0.2520707176944326	0.3150788421054393	0.43285044020012803
ENSG00000005844	0.09708937895919446	0.7361318255122427	0.16677879552856284
ENSG00000005882	0.29936651313926277	0.31481763031197363	0.3858158565487636
ENSG00000005884	0.3269673784599959	0.3802293029187597	0.29280331862124437
ENSG00000005889	0.2703803436691336	0.31752318455723405	0.4120964717736323
ENSG00000005893	0.4290388108429148	0.3489497953152983	0.22201139384178703
ENSG00000005955	0.32525876531367787	0.3474860720301725	0.32725516265614957
ENSG00000005961	0.3507289760959075	0.5093570036489	0.13991402025519253
ENSG00000005981	0.7275752059104245	0.27242479408957543	0.0
ENSG00000006007	0.30123313400477825	0.3643937458847732	0.3343731201104487
ENSG00000006015	0.3980378938149215	0.35224350802286936	0.24971859816220904
ENSG00000006016	0.5144951693145519	0.4205738723012407	0.06493095838420744
ENSG00000006025	0.3068837186561472	0.3386477630472187	0.35446851829663406
ENSG00000006042	0.46197723271056723	0.3894818855279747	0.14854088176145813
ENSG00000006047	0.8048951811407469	0.19510481885925318	0.0
ENSG00000006059	0.0	1.0	0.0
ENSG00000006062	0.2068836390098487	0.30040507030350444	0.4927112906866468
ENSG00000006071	0.30054424261496315	0.2078850325463206	0.4915707248387162
ENSG00000006074			
ENSG00000006075	0.3810563800183014	0.33800370989437994	0.2809399100873186
ENSG00000006114	0.26094954796000125	0.31721424228972067	0.42183620975027813
ENSG00000006116	0.3211494116233035	0.349248196540835	0.3296023918358616
ENSG00000006118	0.40629236132397484	0.30025342761103696	0.29345421106498826
ENSG00000006125	0.25592115993037445	0.38612326901077293	0.3579555710588527
ENSG00000006128	0.20688876960148275	0.21139433005957464	0.5817169003389425
ENSG00000006194	0.32961045801209304	0.30637208277398137	0.36401745921392553
ENSG00000006210	0.4604309663148699	0.5395690336851301	0.0
ENSG00000006282	0.44036259118895105	0.4000608139607618	0.15957659485028716
ENSG00000006283	0.1895395494621638	0.31654711549251047	0.49391333504532575
ENSG00000006327	0.2951257933408487	0.5304665394278123	0.17440766723133902
ENSG00000006377	0.2376457325288986	0.3145754272646472	0.44777884020645414
ENSG00000006432	0.17413996614306976	0.2754632479086449	0.5503967859482853
ENSG00000006451	0.32439326574637123	0.34320867536645716	0.33239805888717167
ENSG00000006453	0.5116459935696054	0.21726549714371093	0.27108850928668365
ENSG00000006459	0.2034506904680638	0.2741375137063654	0.5224117958255708
ENSG00000006468	0.36046623818449525	0.22918469457663512	0.4103490672388696
ENSG00000006530	0.2241566246666962	0.4387694540633389	0.33707392126996477
ENSG00000006555	0.030727139191585828	0.08206516161028415	0.88720769919813
ENSG00000006576	0.27513624267671527	0.420231848353704	0.3046319089695807
ENSG00000006606	0.0	0.5482841497341268	0.45171585026587313
ENSG00000006607	0.34613997754735953	0.3048306119545129	0.3490294104981275
ENSG00000006611	0.4661451445436134	0.345523870056431	0.18833098539995563
ENSG00000006625	0.3840009680814657	0.2634683628198775	0.3525306690986568
ENSG00000006634	0.18816733736991403	0.3160848506192692	0.49574781201081686
ENSG00000006638	1.0	0.0	0.0
ENSG00000006652	0.3424624634680516	0.3666784165430208	0.29085911998892766
ENSG00000006695	0.18540734735419606	0.33483049807543347	0.47976215457037047
ENSG00000006704	0.33875803455560977	0.2956068401761548	0.3656351252682354
ENSG00000006712	0.413417789367982	0.29615650116630626	0.2904257094657117
ENSG00000006715	0.22553676533982528	0.5084967315735295	0.26596650308664527
ENSG00000006740	0.22594492173779776	0.3065914855129182	0.46746359274928395
ENSG00000006744	0.4698557807285777	0.24680854909854477	0.28333567017287736
ENSG00000006747	0.10196594115433791	0.03509841107456858	0.8629356477710936
ENSG00000006757	0.7332083336620612	0.1858436176740206	0.08094804866391808
ENSG00000006788	0.17264746427650007	0.11535148775011983	0.7120010479733799
ENSG00000006831	0.4066630130600082	0.39631609612701846	0.1970208908129733
ENSG00000006837	0.4592229062506305	0.35933819949347584	0.18143889425589374
ENSG00000007001	0.9524147501169837	0.04758524988301622	0.0
ENSG00000007038	0.0	0.08819122719999764	0.9118087728000025
ENSG00000007047	0.30772549260964344	0.3674086672698082	0.32486584012054837
ENSG00000007062	0.31961188485005193	0.30075798564170486	0.37963012950824315
ENSG00000007080	0.39720508185154774	0.3536738167190155	0.2491211014294368
ENSG00000007168	0.19690266700323228	0.39506122564722634	0.40803610734954154
ENSG00000007171	0.7246778478688031	0.26275851865565775	0.012563633475539307
ENSG00000007174	0.2938612457618135	0.16048522034510376	0.5456535338930826
ENSG00000007202	0.27925355318953576	0.3423552271358785	0.3783912196745856
ENSG00000007216	0.15072573630895683	0.8492742636910431	0.0
ENSG00000007237	0.20876475792245947	0.3759561872054772	0.4152790548720634
ENSG00000007255	1.0	0.0	0.0
ENSG00000007264	0.45100624033440356	0.23185774562274936	0.31713601404284714
ENSG00000007312	0.46264053387193393	0.35159093317302176	0.18576853295504428
ENSG00000007314	0.43410020838307756	0.3451430643889239	0.22075672722799858
ENSG00000007341	0.2737860642073825	0.30687231050415237	0.4193416252884652
ENSG00000007350	0.0	0.0	1.0
ENSG00000007372	0.32649935239792205	0.1673739915526471	0.5061266560494307
ENSG00000007376	0.23600567757795696	0.30309872839813284	0.4608955940239102
ENSG00000007384	0.36412251826351216	0.30991972349290836	0.32595775824357964
ENSG00000007392	0.4043934506553427	0.3483706171767618	0.24723593216789538
ENSG00000007402	0.21066846701107136	0.31650398559576554	0.4728275473931631
ENSG00000007516	0.6734726578969131	0.1566404523774416	0.16988688972564525
ENSG00000007520	0.45165499094826134	0.2877907821739201	0.26055422687781865
ENSG00000007541	0.3889943158225286	0.3722653956149317	0.23874028856253962
ENSG00000007545	0.22445371834826683	0.3499399720836167	0.4256063095681165
ENSG00000007866	0.46055072877455266	0.3881282000963375	0.15132107112910995
ENSG00000007908	0.044409984782345285	0.8868430292957299	0.06874698592192487
ENSG00000007923	0.2809138499370969	0.36639976573116545	0.3526863843317377
ENSG00000007933	0.297340799430841	0.042629037446652265	0.6600301631225066
ENSG00000007944	0.3503815107327123	0.2989980125253558	0.35062047674193203
ENSG00000007952	0.17230368232064286	0.6936765281876457	0.1340197894917115
ENSG00000007968			
ENSG00000008018	0.3362037100229432	0.32353863091887325	0.3402576590581836
ENSG00000008056	0.31026242454953196	0.2963112864936562	0.393426288956812
ENSG00000008083	0.2657760954413563	0.3110327855525054	0.4231911190061383
ENSG00000008086	0.2018406588925364	0.35424001328059374	0.44391932782686994
ENSG00000008118	0.24677136106300668	0.4551101263145062	0.29811851262248706
ENSG00000008128	0.26893352941820575	0.2746564843242319	0.4564099862575623
ENSG00000008130	0.22359217784926397	0.2549245384698106	0.5214832836809254
ENSG00000008196	0.0	0.0	1.0
ENSG00000008197			
ENSG00000008226	0.13800539255443925	0.700355173588198	0.16163943385736276
ENSG00000008256	0.3216901534522858	0.3205256002620018	0.35778424628571237
ENSG00000008277	0.1819933164434978	0.29359963724193383	0.5244070463145684
ENSG00000008282	0.4173276242333313	0.305570197875556	0.2771021778911126
ENSG00000008283	0.35920989752964233	0.35902447614945	0.2817656263209076
ENSG00000008294	0.3197067386610946	0.3046894639377422	0.3756037974011631
ENSG00000008300	0.20913607558841246	0.3913248082786187	0.39953911613296894
ENSG00000008311	0.49360991052210634	0.31720608364659825	0.18918400583129544
ENSG00000008323			
ENSG00000008324	0.29181168608295827	0.21483515438519793	0.49335315953184383
ENSG00000008382	0.3289804498221756	0.41596470087853143	0.25505484929929295
ENSG00000008394	0.767648908896201	0.042080063396915064	0.19027102770688387
ENSG00000008405	0.2614164956368869	0.32536927547336514	0.41321422888974796
ENSG00000008441	0.2811065615921712	0.2776004572058399	0.44129298120198884
ENSG00000008513	0.21192371534276525	0.31360691183818146	0.4744693728190533
ENSG00000008516	0.5920880034194105	0.3198381147488434	0.08807388183174623
ENSG00000008710	0.3540793016554647	0.3896203351166823	0.25630036322785305
ENSG00000008735	0.26035726354400246	0.34430857984643376	0.3953341566095638
ENSG00000008838	0.2539419811449315	0.39214021771008273	0.3539178011449858
ENSG00000008853	0.30486363615738543	0.3021669781170499	0.3929693857255647
ENSG00000008869	0.2942809552493837	0.26469589177617686	0.4410231529744395
ENSG00000008952	0.3930893774422124	0.31398894448219	0.29292167807559755
ENSG00000008988	0.5043544763401427	0.420955073692515	0.07469044996734206
ENSG00000009307	0.2872453036123094	0.35765848040800635	0.35509621597968427
ENSG00000009335	0.2554638795122628	0.35675452161317334	0.3877815988745639
ENSG00000009413	0.31787766367829295	0.4263246452890601	0.2557976910326468
ENSG00000009694	0.28187785905151536	0.28855531748440244	0.42956682346408226
ENSG00000009709	0.2930996762312911	0.7069003237687089	0.0
ENSG00000009724	0.23368339159566134	0.3577874256111058	0.40852918279323286
ENSG00000009765			
ENSG00000009780	0.31366508361836987	0.31480111832139734	0.37153379806023284
ENSG00000009790	0.2099779703177618	0.46842693344696046	0.32159509623527754
ENSG00000009830	0.35808315019164955	0.28338067946393347	0.358536170344417
ENSG00000009844	0.2436055645450801	0.38091864878074333	0.3754757866741765
ENSG00000009950	0.4876818647242588	0.5017085885434279	0.010609546732313188
ENSG00000009954	0.2488173043095676	0.39082203941425764	0.3603606562761747
ENSG00000010017	0.3125454664347706	0.3682604916511941	0.31919404191403544
ENSG00000010072	0.3270009109166051	0.3043999079415963	0.3685991811417985
ENSG00000010165	0.38392525321589543	0.3013614178324038	0.3147133289517007
ENSG00000010219	0.4694965401298317	0.44596640906498947	0.0845370508051788
ENSG00000010244	0.30640443019551505	0.3621463029382961	0.331449266866189
ENSG00000010256	0.2937229640774873	0.3314641043553024	0.37481293156721035
ENSG00000010270	0.2999980434049421	0.38484366892576954	0.3151582876692883
ENSG00000010278	0.4821068057625584	0.358668998113267	0.15922419612417463
ENSG00000010292	0.26408867155608545	0.5130070238967891	0.22290430454712537
ENSG00000010295	0.2747158865004354	0.2971499956368257	0.42813411786273897
ENSG00000010318	0.3235502124784805	0.11623889705023284	0.5602108904712867
ENSG00000010319	0.4397940111038976	0.34661770676724984	0.2135882821288526
ENSG00000010322	0.2700659408196064	0.2974674221706588	0.4324666370097348
ENSG00000010327	0.15018093347078704	0.515956227649992	0.3338628388792209
ENSG00000010361	0.37029606524942965	0.32100569317424743	0.30869824157632286
ENSG00000010379	0.4677457444375897	0.29721725089155543	0.23503700467085484
ENSG00000010404	0.2603909267928515	0.39013639604772576	0.34947267715942265
ENSG00000010610	0.2666134050350523	0.4497757903936677	0.28361080457127996
ENSG00000010626	0.3580892776574091	0.6114535020633608	0.030457220279230143
ENSG00000010671	0.32197220635376445	0.636425608922517	0.04160218472371865
ENSG00000010704	0.12849064822312367	0.09543330005279005	0.7760760517240862
ENSG00000010803	0.35226359995482226	0.34719844226484764	0.3005379577803302
ENSG00000010810	0.3526179845580841	0.3253258149263119	0.3220562005156041
ENSG00000010818	0.2210231525795825	0.32217693298862504	0.4567999144317926
ENSG00000010932	0.0	0.5709244339382811	0.42907556606171887
ENSG00000011007	0.25544579875702844	0.3551988323037147	0.38935536893925693
ENSG00000011009	0.19903665708789825	0.29213084804909784	0.508832494863004
ENSG00000011021	0.2766517185312225	0.353623083937821	0.3697251975309565
ENSG00000011028	0.24858314924546082	0.20377887242683904	0.5476379783277001
ENSG00000011052	0.42729135295900283	0.20572223616414193	0.3669864108768552
ENSG00000011083	0.3312915641007791	0.33448490502657696	0.33422353087264384
ENSG00000011105	0.19652074702945055	0.21585476520111987	0.5876244877694295
ENSG00000011114	0.31004971310504564	0.33599583037226155	0.35395445652269275
ENSG00000011132	0.28429898747445675	0.44845111958115336	0.26724989294439
ENSG00000011143	0.1860896493390987	0.3978683953288458	0.4160419553320555
ENSG00000011198	0.30584602377684034	0.40625446405854265	0.28789951216461707
ENSG00000011243	0.3017589583136658	0.33363228094782127	0.364608760738513
ENSG00000011258	0.21152553694606147	0.3245011482370509	0.4639733148168876
ENSG00000011260	0.44399148746914957	0.10799964445050939	0.44800886808034107
ENSG00000011275	0.26895650197431	0.4125788897750103	0.31846460825067985
ENSG00000011304	0.3722000262869107	0.3964379262495591	0.23136204746353017
ENSG00000011332	0.266519064210732	0.46614861037847594	0.26733232541079216
ENSG00000011347	0.24384616191989988	0.3313529972109821	0.42480084086911796
ENSG00000011376	0.3690883715524675	0.3790067121812392	0.25190491626629324
ENSG00000011405	0.3507274426182681	0.33711603281353164	0.3121565245682001
ENSG00000011422	0.371434862273544	0.3839589104612043	0.24460622726525175
ENSG00000011426	0.49947243031915184	0.35674011917521425	0.1437874505056339
ENSG00000011451	0.36373538760359575	0.3263940742718978	0.3098705381245064
ENSG00000011454	0.28383694639258894	0.35356628371412	0.362596769893291
ENSG00000011465	0.315160623609934	0.43282879022293214	0.2520105861671338
ENSG00000011478	0.5047963479449133	0.2367194377660669	0.2584842142890196
ENSG00000011485	0.2853835688751557	0.38342379724180675	0.3311926338830376
ENSG00000011523	0.25374082293291333	0.4242524447430216	0.3220067323240651
ENSG00000011566	0.23641044166283798	0.34386489763041267	0.4197246607067494
ENSG00000011590	0.03195528035785391	0.20330485728194242	0.7647398623602037
ENSG00000011600	0.21162762302795787	0.6960362265393423	0.09233615043269981
ENSG00000011638	0.5360769014642185	0.28265970019717557	0.18126339833860605
ENSG00000011677	0.308411660588802	0.4374799034768357	0.2541084359343624
ENSG00000012048	0.25951309369017206	0.21558031459309485	0.5249065917167332
ENSG00000012061	0.2648570893216282	0.5720518288574793	0.16309108182089252
ENSG00000012124	0.7092051897445552	0.19787482427534936	0.09291998598009536
ENSG00000012171	0.6418969391793807	0.24936575064736333	0.10873731017325594
ENSG00000012174	0.24359666909153974	0.41302058613213294	0.3433827447763274
ENSG00000012211	0.4255770967462145	0.45729814149285464	0.1171247617609309
ENSG00000012223	0.7839976776273054	0.08136204434517877	0.13464027802751571
ENSG00000012232	0.23976158704071526	0.3564144781958191	0.4038239347634658
ENSG00000012504	0.6956027261013265	0.30439727389867355	0.0
ENSG00000012660	0.41838631558301465	0.36245413303325275	0.21915955138373266
ENSG00000012779	0.25871372661440944	0.5176329869122632	0.2236532864733273
ENSG00000012822	0.2623110505649713	0.46705885310838585	0.27063009632664276
ENSG00000012963	0.25043274464718235	0.3961014449695962	0.35346581038322133
ENSG00000012983	0.40263709603609055	0.3317366032661773	0.2656263006977321
ENSG00000013016	0.23103893745280982	0.37416569432558	0.3947953682216102
ENSG00000013275	0.2916772267287571	0.3342739964125766	0.3740487768586663
ENSG00000013288	0.431268405578744	0.2492625633622742	0.3194690310589818
ENSG00000013293	0.2610423191592395	0.38830379045754004	0.3506538903832205
ENSG00000013297	0.4340912521165962	0.36688008481671514	0.19902866306668857
ENSG00000013306	0.39768039188331206	0.40535792216627237	0.19696168595041552
ENSG00000013364	0.351067271454786	0.2554355553397861	0.3934971732054278
ENSG00000013374	0.26508507313670704	0.3386767209274376	0.39623820593585535
ENSG00000013375	0.3162608677358629	0.3548612392803478	0.32887789298378933
ENSG00000013392	0.3886346755812961	0.26107319534173246	0.3502921290769715
ENSG00000013441	0.363536603261043	0.28310753955792106	0.353355857181036
ENSG00000013503	0.18893521994322413	0.3157822846680428	0.495282495388733
ENSG00000013523	0.29373715925162	0.3879038630644358	0.3183589776839443
ENSG00000013561	0.30786260562110185	0.3846119931087797	0.3075254012701185
ENSG00000013563	0.7068649326919376	0.20542168755371595	0.08771337975434644
ENSG00000013583	0.32792494925180354	0.34444064954964604	0.3276344011985505
ENSG00000013588	0.14638888344784995	0.7486016717614236	0.10500944479072646
ENSG00000013619	0.1922123214843478	0.36298600028153366	0.44480167823411854
ENSG00000013725	0.5991008315568441	0.10540215736482149	0.29549701107833454
ENSG00000013810	0.8044333185072361	0.10195877703016396	0.09360790446259994
ENSG00000014123	0.37360126423167833	0.3420925455212617	0.2843061902470599
ENSG00000014138	0.35322721895762477	0.41899500351667235	0.22777777752570283
ENSG00000014164	0.28206680790468264	0.3567256484023902	0.3612075436929272
ENSG00000014216	0.27147949516591297	0.3425638331478165	0.3859566716862705
ENSG00000014257	0.3511401811308963	0.42890369433309894	0.21995612453600483
ENSG00000014641	0.3135957848570285	0.3628474249016855	0.323556790241286
ENSG00000014824	0.255104147573095	0.4007629389576447	0.34413291346926034
ENSG00000014914	0.44085070119086855	0.3996007073395082	0.15954859146962327
ENSG00000014919	0.2795983512310836	0.40305483025935734	0.317346818509559
ENSG00000015133	0.2741441966864145	0.1451067833582219	0.5807490199553634
ENSG00000015153	0.2525010319352545	0.345389091773442	0.4021098762913035
ENSG00000015171	0.2448782625571517	0.3386566396627888	0.4164650977800595
ENSG00000015413	0.0	1.0	0.0
ENSG00000015475	0.5835531835418407	0.33473793631838616	0.08170888013977319
ENSG00000015479	0.3645167062323594	0.46614383331780385	0.16933946044983678
ENSG00000015520	0.09472666394717698	0.0	0.905273336052823
ENSG00000015532	0.26002405812313645	0.30939452252816313	0.4305814193487005
ENSG00000015592	0.33960808772414014	0.37197336335189934	0.2884185489239604
ENSG00000015676	0.21529794727093482	0.38379057123430166	0.4009114814947637
ENSG00000016082			
ENSG00000016391	0.4658270657056048	0.2525442043142892	0.28162872998010613
ENSG00000016402	0.3381159291581738	0.1929175502400359	0.4689665206017902
ENSG00000016490	0.0	0.012587340606044575	0.9874126593939554
ENSG00000016602	0.6810853175824497	0.3082754835103757	0.010639198907174515
ENSG00000016864	0.34872796155745467	0.37821252753194234	0.273059510910603
ENSG00000017260	0.3560043841349657	0.3913947299584718	0.25260088590656254
ENSG00000017373	0.2630440031258017	0.3424071506487525	0.39454884622544584
ENSG00000017427	0.04151349442098297	0.25783807058956326	0.7006484349894538
ENSG00000017483	0.40134222804075936	0.3577801237372713	0.24087764822196941
ENSG00000017621	0.2565964024349334	0.2413771971428828	0.5020264004221837
ENSG00000017797	0.29295042656383835	0.35634096659090925	0.35070860684525235
ENSG00000018189	0.29014062070101587	0.40001903150520446	0.3098403477937797
ENSG00000018236	0.20395683823958832	0.38125929692089416	0.41478386483951757
ENSG00000018280	0.30817635784159636	0.4685788502776828	0.22324479188072077
ENSG00000018408	0.396575003737948	0.3335038752366486	0.26992112102540333
ENSG00000018510	0.3121685027516942	0.35167937263102683	0.33615212461727895
ENSG00000018610	0.5268195966970958	0.07441034426027789	0.3987700590426265
ENSG00000018625	0.33833358887950976	0.22808602233858277	0.4335803887819075
ENSG00000018699	0.25686576926213084	0.3339149865632205	0.40921924417464867
ENSG00000018869	0.0500906811951855	0.8241736782880171	0.1257356405167974
ENSG00000019102	0.4789672577498988	0.4395039599847411	0.08152878226536009
ENSG00000019144	0.480872514051889	0.25995408588181873	0.2591734000662922
ENSG00000019169	0.11431961342033932	0.8621633252230366	0.02351706135662414
ENSG00000019186	0.7216382442517426	0.2783617557482574	0.0
ENSG00000019485	0.20919365483065505	0.3099897389207868	0.48081660624855815
ENSG00000019505	0.16523178079055117	0.3861349304050416	0.4486332888044072
ENSG00000019549	0.3045281070767392	0.12795072775648286	0.5675211651667779
ENSG00000019582	0.2740981419058336	0.5725649524752786	0.15333690561888763
ENSG00000019991	0.4978685824504019	0.39946515522722453	0.10266626232237357
ENSG00000019995	0.29929558379715465	0.37927686510714964	0.3214275510956957
ENSG00000020129	0.21054278466530163	0.4016703063242222	0.3877869090104762
ENSG00000020181	0.35171237257596105	0.2992795852655224	0.34900804215851666
ENSG00000020256	0.3045645274325794	0.37489894030383497	0.32053653226358564
ENSG00000020426	0.36578401787884746	0.3609667690346596	0.2732492130864931
ENSG00000020577	0.35956405009735315	0.40682150357666413	0.2336144463259827
ENSG00000020633	0.8633038160489783	0.1366961839510217	0.0
ENSG00000020922	0.312029553958396	0.42881361415002506	0.259156831891579
ENSG00000021300	0.5797417448185237	0.25522743445522156	0.16503082072625466
ENSG00000021355	0.1636944074158291	0.4531581534220493	0.38314743916212163
ENSG00000021461	0.19035551476375645	0.8096444852362435	0.0
ENSG00000021488	0.2550838190040402	0.15110431326640367	0.5938118677295562
ENSG00000021574	0.2529404006199047	0.32573240647389406	0.42132719290620124
ENSG00000021645	0.23608383259857127	0.36654847787010153	0.3973676895313272
ENSG00000021762	0.330773535367814	0.2971857784775092	0.3720406861546768
ENSG00000021776	0.19116979709757206	0.2868741612405795	0.5219560416618485
ENSG00000021826	0.7046381271605276	0.2556130953295778	0.0397487775098946
ENSG00000021852	0.49585638659162196	0.0	0.5041436134083781
ENSG00000022267	0.2710208589851669	0.3563973933174905	0.3725817476973426
ENSG00000022277	0.3905371615356022	0.3529083094443446	0.25655452902005316
ENSG00000022355	0.21158330569847414	0.35407835550045347	0.4343383388010724
ENSG00000022556	0.9204195842738898	0.0	0.07958041572611016
ENSG00000022567	0.2347583626245113	0.3149571693402991	0.4502844680351896
ENSG00000022840	0.3239955030032622	0.3839641518401179	0.29204034515662
ENSG00000022976	0.5571621310010901	0.30331585023277435	0.1395220187661357
ENSG00000023041	0.3099496595867119	0.3064341636972122	0.383616176716076
ENSG00000023171	0.17942558104719197	0.32876954438515615	0.4918048745676518
ENSG00000023191	0.3900145733999765	0.34231374020669825	0.2676716863933252
ENSG00000023228	0.2601710273609583	0.36789090950538267	0.3719380631336589
ENSG00000023287	0.24806156480770233	0.3468687490197435	0.40506968617255423
ENSG00000023318	0.3738578052309101	0.40219373551144444	0.22394845925764545
ENSG00000023330	0.30533136705855085	0.37418908524653144	0.32047954769491765
ENSG00000023445	0.05298128795105778	0.8761838685613029	0.07083484348763934
ENSG00000023572	0.37016149685472216	0.33010344022340904	0.2997350629218688
ENSG00000023608	0.2123837409580649	0.2843084377035503	0.5033078213383849
ENSG00000023697	0.5200107710329084	0.3592646186649663	0.1207246103021253
ENSG00000023734	0.4076259689343366	0.44196414519621735	0.15040988586944615
ENSG00000023892	0.38689731584616016	0.41503726657779283	0.198065417576047
ENSG00000023902	0.3496863584724459	0.3325226820737998	0.3177909594537543
ENSG00000023909	0.3704295863156045	0.377158813462897	0.2524116002214986
ENSG00000024048	0.2889641695508798	0.3282891298621353	0.3827467005869849
ENSG00000024422	0.29382130334021683	0.28238044313399074	0.4237982535257925
ENSG00000024526	0.1470119159583341	0.7406474958446458	0.11234058819701999
ENSG00000024862	0.3050658538584456	0.42597404235018516	0.2689601037913693
ENSG00000025039	0.2603012226491064	0.3295988035168141	0.4100999738340794
ENSG00000025156	0.3113379018986564	0.33810708854920773	0.35055500955213575
ENSG00000025293	0.27254955059390135	0.33770991220279034	0.38974053720330837
ENSG00000025423	0.32236034399245955	0.051674521974591055	0.6259651340329494
ENSG00000025434	0.5743687466844435	0.36581429204249505	0.059816961273061554
ENSG00000025708	0.2669131912287904	0.6948329152898242	0.03825389348138537
ENSG00000025770	0.26569948872870763	0.3714861696390669	0.3628143416322255
ENSG00000025772	0.2844916989764194	0.42038775506323456	0.29512054596034604
ENSG00000025796	0.332916045118248	0.3291578951435558	0.3379260597381962
ENSG00000025800	0.18162571729804905	0.2633474129894961	0.555026869712455
ENSG00000026025	0.4176327988797386	0.3115525500440631	0.2708146510761983
ENSG00000026036	0.25898949006444777	0.47097438239000716	0.27003612754554496
ENSG00000026103	0.30115338614728193	0.5717766107038387	0.12707000314887942
ENSG00000026297	0.4154965990026253	0.36776895514326263	0.216734445854112
ENSG00000026508	0.20561275533467394	0.6486188502528436	0.14576839441248246
ENSG00000026652	0.5478730173306929	0.23757957661154816	0.214547406057759
ENSG00000026751	0.4487473106083046	0.5512526893916952	0.0
ENSG00000027001	0.17525342411120737	0.18283192462248485	0.6419146512663079
ENSG00000027075	0.4959017440103782	0.3334404304042284	0.1706578255853933
ENSG00000027644	0.40752644282902833	0.41343993819616026	0.1790336189748113
ENSG00000027697	0.2856156158595884	0.4560178967642924	0.2583664873761192
ENSG00000027847	0.2852185550541586	0.3611956398642694	0.353585805081572
ENSG00000027869	0.4479967374031417	0.44569604410130925	0.10630721849554908
ENSG00000028116	0.45628428630943724	0.3661081923391655	0.17760752135139732
ENSG00000028137	0.2366795238369983	0.5687165782145055	0.19460389794849628
ENSG00000028203	0.3754210740450465	0.36715114257129644	0.2574277833836572
ENSG00000028277	0.2801430098981332	0.5196235306436084	0.2002334594582584
ENSG00000028310	0.2801670834210168	0.2708869749823602	0.448945941596623
ENSG00000028528	0.3102986542347326	0.36351613062555554	0.32618521513971194
ENSG00000028839	0.3449883244369905	0.49120849942580835	0.16380317613720113
ENSG00000029153	0.22912624694757777	0.36586967993026215	0.40500407312216
ENSG00000029363	0.237644131916291	0.38441218196283644	0.3779436861208725
ENSG00000029364	0.22413383120482178	0.3931922680638538	0.38267390073132435
ENSG00000029534	0.1425371081002142	0.254562483799851	0.6029004080999347
ENSG00000029559	0.0	0.3954979943800386	0.6045020056199615
ENSG00000029639	0.2993698024255363	0.2857659451416831	0.41486425243278074
ENSG00000029725	0.2615808745641373	0.35421958407334764	0.384199541362515
ENSG00000029993	0.3574590023140241	0.44258055448334876	0.1999604432026271
ENSG00000030066	0.2650576169160891	0.3835070450279564	0.3514353380559545
ENSG00000030304	0.22788996968793337	0.1264601428851548	0.6456498874269118
ENSG00000030419	0.2022312527171402	0.5121704750495727	0.28559827223328704
ENSG00000030582	0.34636027206164327	0.33661837562130803	0.31702135231704875
ENSG00000031003	0.24685469296765375	0.4482177250319728	0.30492758200037356
ENSG00000031081	0.376678936898348	0.3229395225116895	0.30038154058996247
ENSG00000031691	0.8449846839422296	0.0	0.15501531605777036
ENSG00000031698	0.25815722885270687	0.32715217300664445	0.4146905981406486
ENSG00000031823	0.34395097153569704	0.334179966466942	0.3218690619973611
ENSG00000032219	0.2896407841887866	0.30477400560145407	0.4055852102097594
ENSG00000032389	0.2544376601103386	0.39414908372826274	0.35141325616139857
ENSG00000032444	0.31757925504396095	0.43562740211640577	0.24679334283963322
ENSG00000032742	0.2808704386452394	0.39818879606282054	0.3209407652919399
ENSG00000033011	0.3065968212353618	0.44152281860320325	0.25188036016143495
ENSG00000033030	0.2920072825189944	0.32556526970117966	0.382427447779826
ENSG00000033050	0.33146693178447095	0.31980008851414177	0.34873297970138734
ENSG00000033100	0.31172642853483234	0.33460412746382606	0.3536694440013416
ENSG00000033122	0.24148719427426266	0.3118136339024641	0.4466991718232733
ENSG00000033170	0.4368825650105362	0.27322914776724216	0.28988828722222165
ENSG00000033178	0.35952987632102723	0.358267672084239	0.2822024515947338
ENSG00000033327	0.4913639301065088	0.3167372961409253	0.19189877375256592
ENSG00000033627	0.25042073603291437	0.32503409412680506	0.42454516984028046
ENSG00000033800	0.2204363881704986	0.3854256105368564	0.3941380012926451
ENSG00000033867	0.26650861924358354	0.45202703813289985	0.28146434262351666
ENSG00000034053	0.26071441729824385	0.32873728628056115	0.41054829642119506
ENSG00000034063	0.300330750090896	0.40733880762805835	0.2923304422810456
ENSG00000034152	0.3366820995312943	0.3939163927165918	0.2694015077521139
ENSG00000034239	0.07227688930939338	0.3291307400253894	0.5985923706652172
ENSG00000034510	0.4707099701580058	0.36297445416484586	0.16631557567714816
ENSG00000034533	0.45110740969172763	0.3387111975049205	0.21018139280335188
ENSG00000034677	0.2445436078995847	0.3614261632603823	0.3940302288400331
ENSG00000034693	0.26918763580762967	0.23518377292498893	0.4956285912673814
ENSG00000034713	0.32779757999807185	0.36744216368171007	0.304760256320218
ENSG00000034971	0.0049686451339762735	0.01865697040250446	0.9763743844635193
ENSG00000035115	0.6068163265386187	0.3495269681324093	0.04365670532897188
ENSG00000035141	0.39327695827916487	0.48962106359288465	0.11710197812795047
ENSG00000035403	0.2677185422806645	0.35939658038897004	0.3728848773303655
ENSG00000035499	0.48779463683358243	0.41175856198364374	0.10044680118277385
ENSG00000035664	0.43324743485142353	0.40444239439979346	0.1623101707487828
ENSG00000035681	0.2514483818277289	0.20801146229331868	0.5405401558789524
ENSG00000035687	0.41226165576412427	0.3686282372932333	0.21911010694264246
ENSG00000035720	0.0	0.5972009716010988	0.4027990283989012
ENSG00000035862	0.405507746533854	0.3626574699764058	0.23183478348974024
ENSG00000035928	0.26806837738764255	0.3028375976188699	0.4290940249934876
ENSG00000036054	0.2427918310919546	0.3351098079018838	0.4220983610061616
ENSG00000036257	0.2721825692546573	0.3086615151435474	0.41915591560179527
ENSG00000036448	0.20661337803711263	0.6157620132424801	0.1776246087204071
ENSG00000036473	0.7864966327662525	0.0	0.2135033672337476
ENSG00000036530	0.3147430631902967	0.3930631573608274	0.2921937794488758
ENSG00000036549	0.27205883081938215	0.39708683888570523	0.33085433029491246
ENSG00000036565	0.0	0.16233026898852498	0.837669731011475
ENSG00000036672	0.2676649394742152	0.38335962072112595	0.34897543980465884
ENSG00000036828	0.13064808972868078	0.7627088833205573	0.10664302695076179
ENSG00000037042	0.46659489636410123	0.32672913732858777	0.20667596630731092
ENSG00000037241	0.21682135789584275	0.31458517604439473	0.4685934660597625
ENSG00000037280	0.2526112180646598	0.6133221005988619	0.13406668133647826
ENSG00000037474	0.3032038107446903	0.34895846913627515	0.34783772011903463
ENSG00000037637	0.4237121814099302	0.22618965208701397	0.3500981665030558
ENSG00000037749	0.17867994166102244	0.332132552256264	0.4891875060827135
ENSG00000037757	0.4235589766780028	0.3013549740177847	0.2750860493042123
ENSG00000037897	0.4105109966001979	0.31013679671661165	0.2793522066831905
ENSG00000037965			
ENSG00000038002	0.3370758155232506	0.30584655633765	0.3570776281390994
ENSG00000038210	0.32367389795587087	0.40497301846784267	0.27135308357628646
ENSG00000038219	0.2659600970389273	0.3286655720656029	0.40537433089546976
ENSG00000038274	0.27682804324350707	0.36817331211674387	0.3549986446397492
ENSG00000038295	0.2591172351904473	0.2724851209904119	0.4683976438191409
ENSG00000038358	0.28545420994047127	0.30506293756717023	0.40948285249235855
ENSG00000038382	0.23835415170634092	0.3918817868880881	0.3697640614055709
ENSG00000038427	0.3462358657310027	0.27273034564336146	0.3810337886256358
ENSG00000038532	0.22437344083458538	0.376672925995918	0.3989536331694966
ENSG00000038945	0.1896664215092903	0.6818283673488543	0.12850521114185545
ENSG00000039068	0.533854360454936	0.2389483337768852	0.22719730576817865
ENSG00000039123	0.3157544110134124	0.33357205233735066	0.350673536649237
ENSG00000039139	0.22610592318889264	0.2518200276191543	0.5220740491919531
ENSG00000039319	0.4662400721255049	0.2977091470171013	0.2360507808573938
ENSG00000039523	0.29054328883362707	0.4327454786556834	0.2767112325106896
ENSG00000039537	0.12685968237682474	0.2920666695609332	0.5810736480622422
ENSG00000039560	0.4559059219058095	0.3040297401947733	0.24006433789941717
ENSG00000039600	0.2029212569523228	0.7970787430476772	0.0
ENSG00000039650	0.31557615343154105	0.41914343393188835	0.2652804126365706
ENSG00000039987	0.14094408466269373	0.8590559153373062	0.0
ENSG00000040199	0.22183658562274763	0.3590349093190549	0.4191285050581974
ENSG00000040275	0.20819853183373527	0.2466055598110475	0.5451959083552171
ENSG00000040341	0.32256512894853995	0.33374774763547144	0.3436871234159887
ENSG00000040487	0.27924033811039767	0.48794523427168446	0.2328144276179178
ENSG00000040531	0.29381571489553115	0.36705648099108595	0.33912780411338284
ENSG00000040608	0.2704363493431992	0.33700102375682567	0.392562626899975
ENSG00000040633	0.26511089556209017	0.3467047994242562	0.38818430501365364
ENSG00000040731	0.35175553402834747	0.4346879277248017	0.21355653824685072
ENSG00000040933	0.15312304185479275	0.2758763932115769	0.5710005649336303
ENSG00000041353	0.2460403607743435	0.3452715975625138	0.4086880416631427
ENSG00000041357	0.3481661196299503	0.3326308533649242	0.3192030270051253
ENSG00000041515	0.3111960810430819	0.21274241146087705	0.4760615074960411
ENSG00000041802	0.27100440149069355	0.2755212352317646	0.45347436327754187
ENSG00000041880	0.4589823826376809	0.42129037286064647	0.11972724450167255
