ENSEMBL ID	Human_Kidney_Relative_Gene_Expression_Difference(RPKM)	Chimp_Kidney_Relative_Gene_Expression_Difference(RPKM)	Rhesus_Monkey_Kidney_Relative_Gene_Expression_Difference(RPKM)
ENSG00000000003	28.327364680575005	32.86471898638507	38.80791633303991
ENSG00000000005	18.484028591275976	72.98425164411587	8.531719764608157
ENSG00000000419	34.32131967473726	30.451794525409337	35.2268857998534
ENSG00000000457	22.043135777496417	47.052194147515216	30.904670074988378
ENSG00000000460	47.494383665518235	35.646286615575214	16.859329718906558
ENSG00000000938	27.55003035734746	56.325193700949185	16.12477594170336
ENSG00000000971	18.982409322688515	26.91621821016063	54.10137246715085
ENSG00000001036	40.83618779182264	31.66270488629089	27.50110732188647
ENSG00000001084	20.905945270906955	55.50644530642401	23.587609422669047
ENSG00000001167	23.636764696044292	43.44419506559796	32.919040238357745
ENSG00000001460	33.956265209704135	49.21659500884418	16.827139781451685
ENSG00000001461	24.689331075397103	31.73726731778035	43.57340160682254
ENSG00000001497	41.27432272541097	28.234191103939814	30.491486170649214
ENSG00000001561	21.812670652239227	40.45285326614029	37.734476081620485
ENSG00000001617	43.52857275864977	28.669758983977005	27.80166825737323
ENSG00000001626	97.06854418022716	0.7660294406778609	2.165426379094972
ENSG00000001629	31.87595941519038	32.850331784476225	35.27370880033339
ENSG00000001630	38.34838423231937	37.56396220621728	24.08765356146333
ENSG00000001631	40.81400626100914	40.21958575241647	18.96640798657439
ENSG00000002016	34.193454323423744	35.374897794747355	30.431647881828894
ENSG00000002330	32.674899208361495	37.1178801294194	30.207220662219097
ENSG00000002549	13.861001031249412	52.400378869297825	33.73862009945277
ENSG00000002726	20.44583803221394	21.148370060427883	58.40579190735817
ENSG00000002745	15.670183912551447	64.98436981831746	19.345446269131095
ENSG00000002746	7.955379424655591	23.327956289073484	68.71666428627094
ENSG00000002822	31.614562187034778	39.10681505078582	29.278622762179403
ENSG00000002834	28.115485072723384	36.9451311022461	34.939383825030525
ENSG00000002919	24.62417255739236	25.57212480213329	49.80370264047436
ENSG00000002933	34.01004567411295	50.93175520601567	15.058199119871391
ENSG00000003056	25.302042519869655	34.94657700839215	39.75138047173819
ENSG00000003096	18.29982701517435	41.45743914662871	40.24273383819693
ENSG00000003137	76.73220962121765	15.543751634928732	7.724038743853616
ENSG00000003147	43.15808304329799	37.14417485677106	19.697742099930952
ENSG00000003249	17.51192345291347	48.066610295890904	34.421466251195625
ENSG00000003393	30.56776867128091	29.522034313035956	39.91019701568314
ENSG00000003402	31.552375207608595	36.55628834192885	31.89133645046255
ENSG00000003436	23.461090667813615	51.5511708582435	24.98773847394289
ENSG00000003509	34.49223837728413	31.31491212925159	34.19284949346428
ENSG00000003756	39.639529379799725	33.29684118541754	27.063629434782737
ENSG00000003987	42.36831713381306	18.60459600394507	39.02708686224188
ENSG00000003989	35.736546612128514	41.6746061367186	22.588847251152878
ENSG00000004059	38.54117506348927	35.50083516377956	25.957989772731153
ENSG00000004139	53.80391578814272	37.610475260257815	8.585608951599452
ENSG00000004399	44.74083274846714	35.76024112552582	19.498926126007028
ENSG00000004455	14.841863650276563	42.08646686952258	43.07166948020086
ENSG00000004468	4.2860800812323845	54.50601427842845	41.20790564033916
ENSG00000004478	27.004858730545727	38.319511848011835	34.67562942144243
ENSG00000004487	35.740152604365	38.727775617618555	25.53207177801645
ENSG00000004534	47.204234386220584	44.507620284340014	8.288145329439393
ENSG00000004660	45.62455575335147	31.81421274951796	22.561231497130567
ENSG00000004700	31.847125413246474	46.30727866279169	21.845595923961834
ENSG00000004766	29.45078651862163	32.60659549129411	37.94261799008427
ENSG00000004776	21.85065680978471	48.766241291439144	29.383101898776154
ENSG00000004777	29.410212567402915	20.688856198634337	49.900931233962744
ENSG00000004779	20.00807799935429	24.348774743989306	55.6431472566564
ENSG00000004799	16.93890793937997	77.20421267357254	5.856879387047487
ENSG00000004809	12.766862666195738	71.81305530413913	15.420082029665128
ENSG00000004838	56.169547720251664	11.656468608371942	32.1739836713764
ENSG00000004846	100.0	0.0	0.0
ENSG00000004848	100.0	0.0	0.0
ENSG00000004864	18.548510314122424	42.841663090110934	38.609826595766634
ENSG00000004866	33.46203882794338	33.94593363499209	32.59202753706454
ENSG00000004897	31.06140231494614	35.45932993694212	33.47926774811174
ENSG00000004939	32.741088394929676	20.644085427352703	46.614826177717624
ENSG00000004948	11.038478843819538	27.4841397979882	61.47738135819226
ENSG00000004961	45.85477351122873	25.805668059910126	28.33955842886115
ENSG00000004975	41.279390086323744	27.815224576206926	30.905385337469333
ENSG00000005001	28.05161628595265	35.76556594696578	36.182817767081566
ENSG00000005007	24.368365403503887	30.330368810549636	45.301265785946484
ENSG00000005020	25.386417090400826	38.149792225124855	36.46379068447432
ENSG00000005022	36.496137020716645	26.572223439785986	36.931639539497375
ENSG00000005059	38.68206302925811	45.48498110148243	15.832955869259452
ENSG00000005073	13.682584049837434	36.437289734387086	49.88012621577549
ENSG00000005075	19.10311862355171	28.783276730925273	52.113604645523026
ENSG00000005100	35.50879756974184	37.804730803044194	26.686471627213965
ENSG00000005102	89.27944190378186	10.720558096218133	0.0
ENSG00000005108	45.895677155342504	30.179275464035598	23.925047380621898
ENSG00000005156	36.979942253529444	36.33977125784567	26.680286488624894
ENSG00000005175	32.086022339720515	36.07257930468923	31.841398355590258
ENSG00000005187	28.60557012005694	36.09193535754847	35.30249452239459
ENSG00000005189	28.304448113623202	35.99181162268232	35.70374026369446
ENSG00000005194	31.03783220643547	32.12433935360617	36.83782843995835
ENSG00000005206	37.33964894311935	23.133173080983603	39.52717797589705
ENSG00000005238	34.97384593677104	37.46004164772956	27.5661124154994
ENSG00000005243	29.237967193594894	25.17167710371673	45.59035570268836
ENSG00000005249	28.758326059867294	54.2878207577906	16.95385318234211
ENSG00000005302	29.6916065990573	39.230510947326636	31.07788245361607
ENSG00000005339	34.65866290492114	32.87591745890466	32.46541963617421
ENSG00000005379	35.58834392420971	33.51561234155689	30.896043734233402
ENSG00000005381	14.500116789069931	85.49988321093008	0.0
ENSG00000005421	79.79118529097576	0.0	20.20881470902424
ENSG00000005436	48.07225500808617	35.13126935736482	16.796475634549008
ENSG00000005448	26.95180331571611	22.00995414592276	51.03824253836113
ENSG00000005469	17.042631195375826	23.431135292710476	59.526233511913695
ENSG00000005471	56.351382649307304	10.445516065389164	33.203101285303525
ENSG00000005483	33.32349117892209	32.445746534307865	34.23076228677003
ENSG00000005486	47.9150363079894	36.19640508587382	15.888558606136774
ENSG00000005513	52.347123264683624	19.705379190862114	27.94749754445427
ENSG00000005700	24.530804832871354	38.97545167714588	36.49374348998276
ENSG00000005810	28.01931947250347	31.81023734079821	40.170443186698314
ENSG00000005812	30.560575382753647	35.74560397458724	33.69382064265912
ENSG00000005844	27.992186585321427	60.566756223186225	11.441057191492344
ENSG00000005882	33.75769128870791	29.11924788956968	37.1230608217224
ENSG00000005884	39.24470230951098	28.739892725144667	32.01540496534436
ENSG00000005889	27.073237983200222	37.36136874909706	35.565393267702724
ENSG00000005893	36.91618001640776	29.707629930301955	33.376190053290294
ENSG00000005955	35.579376047221814	36.562186955596474	27.858436997181713
ENSG00000005961	77.72423493912784	15.256226897334818	7.0195381635373515
ENSG00000005981	39.81305385180715	60.18694614819285	0.0
ENSG00000006007	28.356282977632652	32.611120726120355	39.03259629624699
ENSG00000006015	37.99414976113361	33.50907040882699	28.496779830039397
ENSG00000006016	56.62813324932151	42.120427145833204	1.251439604845282
ENSG00000006025	41.68901826491063	32.037907219147996	26.273074515941357
ENSG00000006042	40.85823150645956	34.12027371444511	25.021494779095327
ENSG00000006047	60.07902633318495	4.0797713367818185	35.84120233003325
ENSG00000006059	100.0	0.0	0.0
ENSG00000006062	30.929177957412975	42.559822657772585	26.510999384814443
ENSG00000006071	46.85014316259856	16.726595753776476	36.42326108362497
ENSG00000006074	41.57356008216901	58.426439917831	0.0
ENSG00000006075	85.74830993655786	12.295388391052649	1.9563016723894866
ENSG00000006114	21.223746916171137	30.790955757787902	47.985297326040964
ENSG00000006116	0.0	100.0	0.0
ENSG00000006118	68.56209960248607	21.225585442365848	10.212314955148091
ENSG00000006125	30.327115897258277	40.66738059581434	29.005503506927376
ENSG00000006128	0.0	91.18474988686373	8.815250113136269
ENSG00000006194	36.368002787358	24.879286267060913	38.7527109455811
ENSG00000006210	65.84981217966853	34.15018782033147	0.0
ENSG00000006282	45.83943704511581	35.80056335575076	18.359999599133438
ENSG00000006283	83.34788142755323	6.077366955850666	10.574751616596084
ENSG00000006327	32.79948957201777	57.2307632691371	9.969747158845129
ENSG00000006377	100.0	0.0	0.0
ENSG00000006432	22.76933985776573	29.387216425381187	47.84344371685308
ENSG00000006451	46.474559222659956	32.82297273402999	20.702468043310056
ENSG00000006453	42.92189023002874	32.780364335509155	24.297745434462115
ENSG00000006459	36.31292721819937	34.014148135661785	29.672924646138853
ENSG00000006468	16.79891760238082	32.2977075476769	50.90337484994228
ENSG00000006530	26.501207517166215	46.30858892221318	27.190203560620603
ENSG00000006555	11.123167354389146	38.00739859595247	50.86943404965839
ENSG00000006576	40.91994283143872	25.309829179641113	33.77022798892016
ENSG00000006606	20.29849264940816	0.0	79.70150735059184
ENSG00000006607	29.892276626803536	38.351039671588886	31.756683701607574
ENSG00000006611	27.03937657397149	31.923739176095385	41.036884249933124
ENSG00000006625	32.13678618627389	37.13687461599336	30.726339197732745
ENSG00000006634	56.93041854075235	30.87844332150702	12.19113813774065
ENSG00000006638	33.937562196779965	38.67073199890179	27.39170580431825
ENSG00000006652	44.519097899795554	45.510791140919146	9.970110959285297
ENSG00000006695	21.488861581334632	38.49180841109671	40.01933000756865
ENSG00000006704	38.6751318597293	32.36041826770323	28.96444987256747
ENSG00000006712	40.5567084503631	35.486681061616004	23.956610488020903
ENSG00000006715	27.047333476516066	47.605454196238654	25.347212327245284
ENSG00000006740	31.82371581969964	25.920361130801645	42.25592304949872
ENSG00000006744	42.795067995603254	35.07426150031064	22.130670504086105
ENSG00000006747	52.84202951044722	23.814291974838152	23.343678514714636
ENSG00000006757	76.04441915909128	21.681006729947086	2.2745741109616406
ENSG00000006788	32.97539056388835	0.0	67.02460943611165
ENSG00000006831	31.22623203937625	33.9510776857053	34.82269027491846
ENSG00000006837	39.66682057753449	38.1549260558258	22.17825336663972
ENSG00000007001	37.18135017181166	62.68855672024445	0.1300931079439089
ENSG00000007038	56.789256649505745	1.4313129361966592	41.77943041429759
ENSG00000007047	40.26383100456301	30.826484447391316	28.90968454804567
ENSG00000007062	18.534194043403673	65.36296529245274	16.1028406641436
ENSG00000007080	36.21433262341697	36.30275618482146	27.482911191761573
ENSG00000007168	25.40198236738176	41.12254095775722	33.47547667486103
ENSG00000007171	58.67950229818827	30.31400573404561	11.006491967766124
ENSG00000007174	52.78347853133166	26.500749092714358	20.71577237595397
ENSG00000007202	30.8211903427763	37.71977685788446	31.459032799339255
ENSG00000007216	11.773059049584358	36.44932246676764	51.777618483648006
ENSG00000007237	29.61537793432249	49.258001240005136	21.126620825672386
ENSG00000007255	70.45223614556637	0.0	29.54776385443363
ENSG00000007264	75.85188605326165	12.599121995858326	11.548991950880025
ENSG00000007312	45.168356508332394	25.048314694107997	29.783328797559616
ENSG00000007314	65.57518853333217	19.31921024794879	15.105601218719034
ENSG00000007341	26.21249353767478	33.10791057112397	40.679595891201245
ENSG00000007350	40.51490578370636	36.17002231548094	23.315071900812683
ENSG00000007372	100.0	0.0	0.0
ENSG00000007376	36.119207263923535	21.57205428199163	42.308738454084846
ENSG00000007384	35.946008594578025	37.974185164901115	26.079806240520863
ENSG00000007392	45.60844699110051	34.068221524883164	20.323331484016315
ENSG00000007402	32.55105019461242	65.18098903796364	2.26796076742393
ENSG00000007516	75.97355091874695	15.901101782320156	8.1253472989329
ENSG00000007520	50.163093352344724	22.35047700438722	27.486429643268075
ENSG00000007541	40.59801321510901	18.528886828428245	40.87309995646274
ENSG00000007545	34.298142962090324	33.97071643510131	31.731140602808374
ENSG00000007866	31.460050958024823	43.10488779630954	25.43506124566564
ENSG00000007908	12.311249164539301	71.60147779619376	16.08727303926693
ENSG00000007923	30.738783568611577	38.65015960671031	30.61105682467812
ENSG00000007933	19.27900385764788	22.53833426067546	58.182661881676665
ENSG00000007944	28.912407219815645	29.601232578645476	41.486360201538886
ENSG00000007952	0.0	0.0	100.0
ENSG00000007968	86.08140397728421	7.670150168554304	6.248445854161473
ENSG00000008018	33.00692127738837	38.812070704783544	28.18100801782808
ENSG00000008056	76.60672127456999	9.065427104642025	14.327851620787976
ENSG00000008083	40.39825945150308	22.901153894349306	36.700586654147614
ENSG00000008086	16.602242835966415	22.021102400067505	61.37665476396609
ENSG00000008118	65.65147678024813	34.34852321975187	0.0
ENSG00000008128	34.27634631959077	32.64067954875989	33.08297413164932
ENSG00000008130	18.01843503948098	26.5754932177123	55.40607174280673
ENSG00000008196	14.164921632619492	43.02844391412686	42.80663445325365
ENSG00000008197			
ENSG00000008226	21.867483795193344	71.90592487377954	6.226591331027117
ENSG00000008256	32.868145608963836	43.93006529647424	23.20178909456191
ENSG00000008277	41.115617100564364	53.51600057351025	5.368382325925382
ENSG00000008282	18.259187778743758	28.745170587161468	52.99564163409477
ENSG00000008283	30.591211086423936	27.179049560156233	42.229739353419816
ENSG00000008294	38.79451151611554	40.56843380563618	20.637054678248266
ENSG00000008300	60.6764593505142	32.37236313685433	6.951177512631464
ENSG00000008311	41.887787232445255	23.882892126493662	34.229320641061086
ENSG00000008323	38.85286918463208	39.907898583605565	21.239232231762355
ENSG00000008324	27.87827251423337	25.346363034998383	46.77536445076825
ENSG00000008382	32.012899179016344	35.374224744828396	32.612876076155246
ENSG00000008394	28.035071388300963	12.37123479571128	59.593693815987756
ENSG00000008405	29.18274940949929	42.65398613722541	28.1632644532753
ENSG00000008441	44.83389108454905	23.471765160154842	31.6943437552961
ENSG00000008513	47.07390018979821	27.427337187405694	25.4987626227961
ENSG00000008516	64.90256782900687	20.852030720727427	14.245401450265716
ENSG00000008710	44.46677560315892	26.625222048061193	28.90800234877989
ENSG00000008735	52.99006262978466	6.6016517315509375	40.4082856386644
ENSG00000008838	34.58601212651442	44.13965247291358	21.274335400572003
ENSG00000008853	58.72441109509657	23.62171016687866	17.65387873802477
ENSG00000008869	36.7461573230177	23.80146312461505	39.45237955236726
ENSG00000008952	31.093183048774165	36.77812582737683	32.128691123848995
ENSG00000008988	61.941028676044894	31.532811251171616	6.526160072783488
ENSG00000009307	27.559495374573334	34.80013449578793	37.64037012963873
ENSG00000009335	32.715775540958326	36.544633853683365	30.739590605358302
ENSG00000009413	27.803840151070823	46.50126208596345	25.69489776296573
ENSG00000009694	45.66088799226542	51.074863905838555	3.264248101896013
ENSG00000009709	100.0	0.0	0.0
ENSG00000009724	32.73336052110732	15.814640242145789	51.45199923674689
ENSG00000009765	12.529133024468006	13.781749665885764	73.68911730964624
ENSG00000009780	32.46752694472138	33.7982725137854	33.734200541493216
ENSG00000009790	31.80725929562825	40.62057467901576	27.572166025355987
ENSG00000009830	26.609390005996538	24.620559788885856	48.770050205117606
ENSG00000009844	28.644208905184126	36.61859071185276	34.73720038296311
ENSG00000009950	11.122954827455311	22.29555627933589	66.5814888932088
ENSG00000009954	28.790959487922237	42.20613298849428	29.00290752358347
ENSG00000010017	34.68831944362865	40.93068989555288	24.380990660818462
ENSG00000010072	28.68847669812627	35.00071152414635	36.31081177772739
ENSG00000010165	38.50662943829505	32.71180755956309	28.78156300214186
ENSG00000010219	44.29506956695983	55.61621983656118	0.08871059647899204
ENSG00000010244	35.330670132383794	38.385652600438284	26.283677267177925
ENSG00000010256	30.728137263752025	30.29036882714583	38.98149390910214
ENSG00000010270	25.228334154729477	26.551620306190138	48.220045539080395
ENSG00000010278	41.739923824564976	42.61526527341702	15.644810902017998
ENSG00000010292	35.25539072595877	49.72771661909675	15.016892654944487
ENSG00000010295	47.581583679744675	22.420381628284723	29.998034691970588
ENSG00000010318	38.55273760010907	10.114263068869159	51.33299933102177
ENSG00000010319	27.337973148300765	36.67006447926325	35.99196237243598
ENSG00000010322	37.59338255519996	27.547035117516845	34.859582327283206
ENSG00000010327	32.99526663703414	33.56960940779104	33.43512395517482
ENSG00000010361	33.96499226614762	29.876503375943503	36.158504357908875
ENSG00000010379	41.1239308299738	22.29263980815834	36.58342936186787
ENSG00000010404	28.97165501908609	31.424912146974965	39.60343283393893
ENSG00000010610	26.758957888836143	51.827510104729434	21.413532006434423
ENSG00000010626	40.091551514099024	58.83031420882485	1.078134277076129
ENSG00000010671	51.61021930047078	36.39887316902638	11.990907530502827
ENSG00000010704	26.25491554198768	25.765717742388556	47.97936671562377
ENSG00000010803	31.478023366108065	30.910821491309598	37.611155142582334
ENSG00000010810	53.32321682934455	30.369762424762765	16.307020745892682
ENSG00000010818	32.664309129745575	43.44997167458719	23.88571919566724
ENSG00000010932	22.96325323853617	22.229634001568947	54.80711275989487
ENSG00000011007	23.283544892069532	38.55342224298413	38.16303286494635
ENSG00000011009	21.231132582440424	39.72288864844523	39.045978769114356
ENSG00000011021	34.34601250077663	27.09728080139992	38.55670669782344
ENSG00000011028	32.26616477161544	39.682069102239694	28.051766126144855
ENSG00000011052	51.756381547802434	13.64391212601674	34.59970632618083
ENSG00000011083	17.172220996275804	8.428696337387146	74.39908266633705
ENSG00000011105	37.92993075741089	25.49896783726248	36.57110140532664
ENSG00000011114	23.883472610532305	36.795128456645664	39.32139893282203
ENSG00000011132	21.567743460388403	36.92442851479502	41.50782802481657
ENSG00000011143	26.804748138605728	37.84199173641925	35.353260124975016
ENSG00000011198	24.435107721314008	53.97902070338291	21.5858715753031
ENSG00000011243	39.355850625636506	30.09931047008686	30.544838904276645
ENSG00000011258	30.39849875837365	30.15784630578481	39.44365493584154
ENSG00000011260	46.287255611529226	14.276565146086323	39.43617924238445
ENSG00000011275	26.2358832447652	41.019461784203166	32.74465497103164
ENSG00000011304	32.9999177281105	39.422310966686915	27.57777130520258
ENSG00000011332	0.0	88.72678484728311	11.273215152716883
ENSG00000011347	78.12761861454734	10.730223907214206	11.142157478238452
ENSG00000011376	31.405264309979096	38.48662692380566	30.108108766215235
ENSG00000011405	33.48272217453455	38.54461633483952	27.972661490625928
ENSG00000011422	41.69994103969524	53.50904600445438	4.791012955850346
ENSG00000011426	70.43927431038725	23.708017497133238	5.852708192479534
ENSG00000011451	39.01074443104034	28.48794421190955	32.50131135705011
ENSG00000011454	30.59426457423799	35.43625438997166	33.969481035790345
ENSG00000011465	23.270016092408422	56.7303305751952	19.99965333239639
ENSG00000011478	39.35922581082025	33.02297883677658	27.617795352403178
ENSG00000011485	35.047414884380174	28.538746298192702	36.413838817427134
ENSG00000011523	35.3885788868121	37.46842753909891	27.14299357408898
ENSG00000011566	17.95370999885064	36.150227242178026	45.89606275897135
ENSG00000011590	21.07373547255003	43.09790067692881	35.828363850521164
ENSG00000011600	46.64229954724633	41.865458717582186	11.492241735171481
ENSG00000011638	49.88191089701944	35.93204311605023	14.18604598693033
ENSG00000011677	100.0	0.0	0.0
ENSG00000012048	42.337922516480596	19.477578720799958	38.184498762719436
ENSG00000012061	36.89082294892533	42.16541278271615	20.943764268358507
ENSG00000012124	95.58963826882724	3.2976013890808447	1.1127603420919019
ENSG00000012171	24.97501510283391	22.24961638180215	52.77536851536393
ENSG00000012174	36.193016257691134	30.87103474500242	32.93594899730645
ENSG00000012211	42.42306725408094	31.562899897573377	26.014032848345675
ENSG00000012223	1.1907577483873486	98.52610244418142	0.28313980743122685
ENSG00000012232	24.537459867103028	33.62719278048921	41.83534735240775
ENSG00000012504	38.03903047158998	38.17766924692194	23.783300281488078
ENSG00000012660	42.720858275369345	37.86012990284961	19.419011821781048
ENSG00000012779	65.36344126691684	27.269646832626982	7.366911900456186
ENSG00000012822	41.192954040285166	35.34236425820612	23.46468170150872
ENSG00000012963	30.429209442818923	33.44622074606367	36.12456981111741
ENSG00000012983	32.89373626963757	41.63039739804123	25.475866332321196
ENSG00000013016	28.2708192009187	36.23782574513728	35.49135505394403
ENSG00000013275	31.116871553470403	36.20157981058925	32.68154863594033
ENSG00000013288	39.386027161535665	30.777311659306406	29.836661179157943
ENSG00000013293	41.65653506592267	53.47265201570271	4.87081291837463
ENSG00000013297	15.519329355564942	74.2829143800531	10.197756264381953
ENSG00000013306	38.40884414844244	41.10904781304793	20.48210803850963
ENSG00000013364	30.985417170151962	41.68604694141563	27.328535888432405
ENSG00000013374	31.1852459574728	38.80065624155511	30.014097800972085
ENSG00000013375	21.052956185089222	46.55401796803197	32.39302584687881
ENSG00000013392	58.626570032466475	25.597998970540637	15.775430996992895
ENSG00000013441	34.08237873294971	31.9941857344459	33.923435532604394
ENSG00000013503	30.92966751957547	24.8998209476744	44.170511532750126
ENSG00000013523	30.06674836628791	30.540874570824684	39.392377062887405
ENSG00000013561	30.11239119739038	44.77835491558203	25.109253887027585
ENSG00000013563	51.01325380485298	25.982658006121106	23.004088189025914
ENSG00000013583	38.10768216611564	28.121933818782015	33.770384015102344
ENSG00000013588	54.518264263745365	12.274028187001209	33.20770754925344
ENSG00000013619	26.72927763864321	51.263290852518416	22.007431508838376
ENSG00000013725	21.418951600981227	29.51581952317665	49.065228875842124
ENSG00000013810	74.5960984526958	21.086430639362472	4.317470907941735
ENSG00000014123	34.534926541235826	35.93266850797113	29.532404950793044
ENSG00000014138	57.211813207414686	33.66515176017376	9.12303503241156
ENSG00000014164	39.65333528527923	26.582281532546364	33.764383182174406
ENSG00000014216	33.782114824255885	35.624868956034334	30.593016219709767
ENSG00000014257	29.33039438999416	41.05140455897695	29.61820105102888
ENSG00000014641	20.278561274489842	32.62123454299517	47.100204182514986
ENSG00000014824	29.62388294315893	43.533389122106165	26.8427279347349
ENSG00000014914	36.28466726908427	60.00288143413174	3.712451296784003
ENSG00000014919	23.279879280040458	38.228194174358855	38.491926545600684
ENSG00000015133	21.0532940438794	27.806284768232377	51.14042118788822
ENSG00000015153	40.557057388852996	35.442281992706505	24.000660618440495
ENSG00000015171	27.046167705208568	31.938830190984014	41.01500210380743
ENSG00000015413	18.267150874024253	16.31447303664238	65.41837608933336
ENSG00000015475	25.723926351934473	32.74602879921255	41.530044848852974
ENSG00000015479	41.421154755014506	43.66569835819378	14.91314688679171
ENSG00000015520	71.38280501769695	1.811740064700788	26.805454917602262
ENSG00000015532	39.147449637649245	30.48152907988263	30.37102128246813
ENSG00000015592	95.61763003401538	4.382369965984625	0.0
ENSG00000015676	31.241482604081845	31.02610381081971	37.73241358509844
ENSG00000016082	0.0	100.0	0.0
ENSG00000016391	11.560391507852469	20.226210457121862	68.21339803502566
ENSG00000016402	2.2976825630841984	10.26198380722011	87.4403336296957
ENSG00000016490	98.41135441631573	1.5886455836842612	0.0
ENSG00000016602	100.0	0.0	0.0
ENSG00000016864	37.18728520973055	29.992650502004047	32.820064288265414
ENSG00000017260	28.973933749255092	44.81553121091616	26.210535039828752
ENSG00000017373	71.4870381229669	12.041734493686127	16.471227383346978
ENSG00000017427	13.964462760942196	32.652594204261405	53.382943034796405
ENSG00000017483	50.47035079597648	33.04895760660292	16.480691597420613
ENSG00000017621	34.807581857497524	20.14930363759041	45.04311450491207
ENSG00000017797	30.811044193302905	38.22863457259485	30.96032123410225
ENSG00000018189	28.340696937886143	30.705474264734654	40.953828797379195
ENSG00000018236	28.762248214061493	60.52833493216882	10.709416853769698
ENSG00000018280	18.710989099362497	30.591979163903478	50.69703173673401
ENSG00000018408	29.543411586125025	38.617239859213356	31.83934855466163
ENSG00000018510	26.457565049928828	42.868754612378154	30.67368033769302
ENSG00000018610	47.002258112543274	10.745374906313245	42.252366981143474
ENSG00000018625	47.328300007846856	24.450580246722726	28.22111974543041
ENSG00000018699	34.392592486021925	36.016285418983465	29.59112209499461
ENSG00000018869	66.13284725852328	24.550520244496195	9.316632496980503
ENSG00000019102	97.04733255622891	2.436719524621987	0.5159479191491028
ENSG00000019144	25.227746884924642	28.231681421358303	46.54057169371705
ENSG00000019169	18.930862289131106	75.12222687860032	5.946910832268591
ENSG00000019186	4.598070931647645	53.395454787354836	42.00647428099754
ENSG00000019485	40.708606556410096	33.608917270432876	25.682476173157028
ENSG00000019505	85.44152286612878	13.05029207992414	1.508185053947082
ENSG00000019549	31.455357411618962	46.86554668531806	21.67909590306297
ENSG00000019582	31.823158282010784	53.93240089915293	14.244440818836285
ENSG00000019991	23.804833731474943	56.019585501617165	20.175580766907895
ENSG00000019995	32.12764691092715	33.03184350623955	34.84050958283332
ENSG00000020129	33.10652934772472	33.018914586814354	33.87455606546092
ENSG00000020181	38.24645505556727	33.408654516983134	28.344890427449602
ENSG00000020256	36.892934735457	31.742945399598018	31.36411986494498
ENSG00000020426	33.266806287065066	39.70339186045015	27.02980185248478
ENSG00000020577	27.91626989673926	62.119086816445524	9.964643286815221
ENSG00000020633	67.1125513973706	17.540602480484402	15.346846122144992
ENSG00000020922	47.520377278763995	33.32835504457122	19.151267676664784
ENSG00000021300	31.351049039879754	20.92014255708801	47.728808403032254
ENSG00000021355	40.59935683561101	47.25404160858495	12.14660155580404
ENSG00000021461	33.90277335842873	17.550869078259804	48.54635756331147
ENSG00000021488	15.59962751593352	29.00103819539804	55.399334288668435
ENSG00000021574	26.676285427589587	35.25049423281138	38.07322033959903
ENSG00000021645	82.1873175783809	9.0537022445546	8.758980177064494
ENSG00000021762	38.370516074215104	18.654373758029138	42.97511016775576
ENSG00000021776	29.97195627012711	34.313184959338045	35.71485877053484
ENSG00000021826	59.349058921692	39.684241412588165	0.9666996657198416
ENSG00000021852	0.0	84.21458005265615	15.785419947343836
ENSG00000022267	39.14881682962709	29.86637756558221	30.984805604790694
ENSG00000022277	37.67056077075036	37.67760426075405	24.65183496849558
ENSG00000022355	18.888895136234385	37.1220281171977	43.989076746567925
ENSG00000022556	99.09549657579412	0.9045034242058797	0.0
ENSG00000022567	46.559891997645636	37.30004618940585	16.1400618129485
ENSG00000022840	29.55270332143295	40.93433444157492	29.51296223699213
ENSG00000022976	50.79048207240335	30.81992340164804	18.389594525948596
ENSG00000023041	31.271583360040108	41.23835387544	27.49006276451988
ENSG00000023171	17.670097263799704	21.783249786017553	60.54665295018275
ENSG00000023191	33.75229303478077	32.524887385204174	33.722819580015056
ENSG00000023228	23.16747080644454	42.56806454826525	34.26446464529021
ENSG00000023287	28.02264418089418	34.18792453689256	37.78943128221326
ENSG00000023318	29.60879470361821	44.78283799559203	25.608367300789748
ENSG00000023330	32.67362179694733	37.72448198231209	29.601896220740564
ENSG00000023445	24.722938588555532	61.28283799357388	13.994223417870588
ENSG00000023572	19.078098854776023	42.23281253990453	38.689088605319434
ENSG00000023608	32.42362780100857	34.147854354500375	33.42851784449106
ENSG00000023697	35.773862832706534	43.58794292021653	20.638194247076942
ENSG00000023734	39.73276821499748	47.00742527953431	13.25980650546822
ENSG00000023892	37.969421593661096	37.54766235218437	24.48291605415454
ENSG00000023902	44.19859447212621	30.352772952443026	25.448632575430768
ENSG00000023909	17.093190462002987	39.15593817195884	43.75087136603818
ENSG00000024048	32.67364883321289	31.656073551327214	35.670277615459895
ENSG00000024422	47.609729312658324	33.807454480002555	18.58281620733913
ENSG00000024526	67.75399755627528	24.876540589383136	7.369461854341589
ENSG00000024862	28.741081327825192	35.780703020619725	35.478215651555075
ENSG00000025039	39.53248504691373	37.37471831018413	23.092796642902133
ENSG00000025156	40.426318984445004	28.484676452178643	31.08900456337636
ENSG00000025293	34.954917168743435	33.58113807628628	31.46394475497028
ENSG00000025423	5.891442522933811	2.688341736773449	91.42021574029275
ENSG00000025434	48.552133515708405	33.757574322233985	17.690292162057617
ENSG00000025708	23.30414425698308	62.921399011818856	13.77445673119806
ENSG00000025770	31.642021892418438	26.741190294054334	41.61678781352723
ENSG00000025772	33.51316200878687	57.870182007168744	8.616655984044383
ENSG00000025796	29.577634372420626	44.83852024390468	25.583845383674696
ENSG00000025800	19.032397836172933	32.451373774350735	48.516228389476346
ENSG00000026025	57.57386538641256	25.831987293308433	16.594147320279003
ENSG00000026036	31.831670639218824	43.518322108670546	24.650007252110637
ENSG00000026103	36.7754879685993	54.93767941774558	8.28683261365512
ENSG00000026297	45.00713253448555	29.149780866496112	25.84308659901835
ENSG00000026508	18.425418737909936	62.579728214146456	18.994853047943597
ENSG00000026652	49.86930807507322	40.95885929828679	9.17183262663999
ENSG00000026751	32.889209832861646	58.76188005671465	8.348910110423688
ENSG00000027001	16.8761415670572	29.295275241740644	53.82858319120216
ENSG00000027075	29.201654991805846	32.3851868426632	38.413158165530945
ENSG00000027644	10.792818576568544	12.265937424722503	76.94124399870896
ENSG00000027697	30.273668548519623	46.55724237452363	23.16908907695675
ENSG00000027847	34.3826631279386	35.95795792638094	29.65937894568046
ENSG00000027869	59.87374411394326	27.713077853669745	12.413178032386991
ENSG00000028116	34.94169086923946	49.610963753227345	15.447345377533184
ENSG00000028137	26.292325144341838	52.59114328752761	21.116531568130558
ENSG00000028203	40.528749719301096	43.443431934688846	16.02781834601007
ENSG00000028277	28.21304749409348	50.50458688573216	21.282365620174353
ENSG00000028310	27.409420977925848	22.17220814964742	50.41837087242674
ENSG00000028528	22.03407371701413	34.1756750878468	43.79025119513906
ENSG00000028839	38.46949621796692	38.780649269978895	22.74985451205418
ENSG00000029153	31.646393495171864	27.333255726350252	41.020350778477884
ENSG00000029363	30.160453915439987	37.136038962740784	32.703507121819214
ENSG00000029364	20.175164325286467	31.741801985514062	48.083033689199475
ENSG00000029534	54.87921704879246	10.249196800648342	34.87158615055919
ENSG00000029559	59.604741887682586	19.50875960462557	20.88649850769184
ENSG00000029639	26.205772345758866	27.39558555660105	46.39864209764009
ENSG00000029725	22.49110427295599	38.60568064767378	38.90321507937023
ENSG00000029993	40.01000621489963	42.57798636206746	17.4120074230329
ENSG00000030066	33.131107752347134	41.41345984677639	25.455432400876482
ENSG00000030304	0.0	98.44745885373452	1.5525411462654848
ENSG00000030419	38.55226375042286	27.574619559640013	33.87311668993712
ENSG00000030582	46.088599950084166	23.59386302107578	30.317537028840043
ENSG00000031003	29.009139661363175	33.422622855777576	37.568237482859246
ENSG00000031081	39.150380681213264	40.37509406697842	20.474525251808313
ENSG00000031691	23.62833153662333	46.93022948161867	29.441438981757994
ENSG00000031698	34.28284844619803	38.91844546741218	26.79870608638979
ENSG00000031823	34.446823481285456	30.525903602046196	35.027272916668345
ENSG00000032219	37.457610240533036	32.12873315046668	30.413656609000295
ENSG00000032389	19.263204564236045	48.094738181958306	32.64205725380563
ENSG00000032444	27.572572885269043	36.58420705123955	35.8432200634914
ENSG00000032742	21.517404259207577	38.806581588314785	39.67601415247764
ENSG00000033011	36.38118668862356	39.33167285514981	24.287140456226624
ENSG00000033030	39.5901933871404	33.78686451569824	26.622942097161367
ENSG00000033050	42.27450125285155	34.084449111306434	23.641049635842002
ENSG00000033100	39.98542185489809	35.52290059803303	24.491677547068875
ENSG00000033122	39.825770350453894	13.60751835072861	46.566711298817495
ENSG00000033170	31.52243966236057	48.827012863480505	19.650547474158923
ENSG00000033178	36.504460829202905	40.253430137119615	23.24210903367749
ENSG00000033327	36.05185558643784	37.76357680492643	26.184567608635746
ENSG00000033627	20.711911590507025	33.53128887268906	45.75679953680392
ENSG00000033800	32.22726261856027	36.72090811822969	31.051829263210053
ENSG00000033867	30.904876734508896	60.26563110663709	8.829492158854023
ENSG00000034053	41.85995612650127	53.08997074584559	5.050073127653146
ENSG00000034063	80.37279171511447	11.191337455493729	8.4358708293918
ENSG00000034152	23.385512532274273	47.750943798642524	28.863543669083203
ENSG00000034239	0.0	100.0	0.0
ENSG00000034510	51.79731430471175	32.607761121688455	15.594924573599778
ENSG00000034533	34.180438384492014	34.249906256752496	31.569655358755504
ENSG00000034677	43.83941095881743	35.92560357149637	20.2349854696862
ENSG00000034693	14.108042154583611	32.06724226379712	53.824715581619266
ENSG00000034713	30.67687781864583	32.51165469751101	36.811467483843174
ENSG00000034971	17.15672309187365	57.07451574477802	25.768761163348326
ENSG00000035115	32.34373816773986	42.682249057434305	24.974012774825848
ENSG00000035141	51.37426546900451	42.20469438846998	6.421040142525507
ENSG00000035403	31.201613416797713	45.15320893144386	23.645177651758434
ENSG00000035499	72.85520708315937	3.563414515588558	23.581378401252067
ENSG00000035664	49.3090993425399	27.70683738907249	22.984063268387604
ENSG00000035681	33.99602587028646	26.912741107812426	39.091233021901125
ENSG00000035687	37.87512953984477	40.64312936989518	21.48174109026005
ENSG00000035720	82.4396159974747	15.992337060196855	1.5680469423284493
ENSG00000035862	37.952846251024965	35.57846905874433	26.468684690230717
ENSG00000035928	33.0161682177831	29.88968020419538	37.094151578021524
ENSG00000036054	31.889514752033136	29.68774828389468	38.42273696407217
ENSG00000036257	26.213217391422877	39.383651386419764	34.40313122215736
ENSG00000036448	68.38829981840257	19.347672738234895	12.264027443362533
ENSG00000036473	100.0	0.0	0.0
ENSG00000036530	40.83171887894911	30.801711871074616	28.366569249976276
ENSG00000036549	28.27265033644204	38.246803761165864	33.4805459023921
ENSG00000036565	0.0	0.0	100.0
ENSG00000036672	27.597208977313958	38.94943650664747	33.453354516038566
ENSG00000036828	12.515168133890054	42.1985331911132	45.28629867499674
ENSG00000037042	48.29042721589674	45.436768021388076	6.272804762715184
ENSG00000037241	28.460736803959513	32.28280103012324	39.25646216591724
ENSG00000037280	54.12340807733332	28.678162798701845	17.19842912396483
ENSG00000037474	37.98526013047262	32.65179770477816	29.362942164749228
ENSG00000037637	46.036356717366736	23.83116638393971	30.132476898693543
ENSG00000037749	33.17954168478348	26.0844338085076	40.73602450670891
ENSG00000037757	40.32061711978763	19.68238091970079	39.997001960511575
ENSG00000037897	39.37885715491852	20.53770794168606	40.083434903395414
ENSG00000037965	29.370887525862244	33.07699406961212	37.55211840452564
ENSG00000038002	25.24963486986122	36.02878472917808	38.72158040096071
ENSG00000038210	19.87120999183508	35.98171860888886	44.14707139927606
ENSG00000038219	37.366981857459464	37.35025186623472	25.282766276305807
ENSG00000038274	27.74375577314649	31.11091908072631	41.1453251461272
ENSG00000038295	30.305334051282802	44.27965422199643	25.41501172672076
ENSG00000038358	37.697349166992474	31.95718587329177	30.345464959715752
ENSG00000038382	32.58316604044636	43.04216916270839	24.37466479684525
ENSG00000038427	43.139348076528414	38.533905692954534	18.32674623051707
ENSG00000038532	32.43452836284831	37.192643755371634	30.37282788178006
ENSG00000038945	32.48408799624303	47.960883609152	19.555028394604975
ENSG00000039068	34.995739793268385	34.30084186392104	30.70341834281058
ENSG00000039123	30.70791285344962	33.78796989126237	35.504117255288016
ENSG00000039139	83.10009096505084	16.650777733772617	0.2491313011765289
ENSG00000039319	32.328209536239385	35.02444527275995	32.64734519100067
ENSG00000039523	33.08619616480764	38.73019844825143	28.18360538694091
ENSG00000039537	6.603579986527468	46.574064130315584	46.82235588315695
ENSG00000039560	21.274154863658147	29.46652672488281	49.25931841145903
ENSG00000039600	50.60297350818189	49.39702649181811	0.0
ENSG00000039650	33.664439648723146	40.73791145497584	25.597648896301013
ENSG00000039987	17.596513610691808	0.0	82.4034863893082
ENSG00000040199	23.312046418740046	36.236845166379474	40.45110841488048
ENSG00000040275	43.41063454426817	34.83494926459935	21.754416191132474
ENSG00000040341	33.80561580515135	36.288705950221086	29.905678244627552
ENSG00000040487	21.734123344457174	42.95771828753825	35.308158368004584
ENSG00000040531	25.202773685216556	34.262109946298736	40.53511636848471
ENSG00000040608	47.27220965288678	22.05779372253204	30.66999662458118
ENSG00000040633	34.70373509136544	34.30874640629952	30.98751850233505
ENSG00000040731	94.9234917985314	0.0	5.07650820146859
ENSG00000040933	34.69266410288493	20.375923773386585	44.93141212372848
ENSG00000041353	12.22861484134657	53.39426436868321	34.37712078997022
ENSG00000041357	33.58687566288706	37.330388766717576	29.082735570395364
ENSG00000041515	34.6272816462222	58.878003693312394	6.494714660465404
ENSG00000041802	35.12734121627827	27.90712428719152	36.96553449653021
ENSG00000041880	22.27777868830557	48.40059557266268	29.32162573903175
ENSG00000041982	11.798700190471473	76.87707565259278	11.32422415693574
ENSG00000041988	23.394610410854163	33.08018707826826	43.52520251087758
ENSG00000042062	62.02159400760827	22.114263978224262	15.864142014167468
ENSG00000042088	36.17742541530264	35.45619062442771	28.366383960269648
ENSG00000042286	24.45955058284858	42.88178158273268	32.65866783441874
ENSG00000042317	41.330395013215764	32.58909138377713	26.080513603007116
ENSG00000042429	32.01696364616201	36.76689061841726	31.216145735420724
ENSG00000042445	16.8423493952518	16.646706917960206	66.510943686788
ENSG00000042493	29.33589285275429	65.10124667589487	5.562860471350839
ENSG00000042753	34.33197053140222	34.53141126956576	31.13661819903203
ENSG00000042781	12.407891622353096	82.85719204658307	4.734916331063819
ENSG00000042813	5.636991204693926	6.143925035261763	88.21908376004431
ENSG00000042832	42.55087998559361	45.151099276481055	12.298020737925325
ENSG00000042980	87.72021016729722	11.37607078796263	0.9037190447401566
ENSG00000043039	55.73865519928698	33.23986381094604	11.021480989766987
ENSG00000043093	23.826918644914244	33.018438797653396	43.15464255743236
ENSG00000043143	24.953508333055783	32.59762715722492	42.4488645097193
ENSG00000043355	97.63090523793929	0.9612481995481981	1.4078465625124923
