ENSEMBL ID	Human_Prefrontal_Cortex_Relative_Gene_Expression_Difference(RPKM)	Chimp_Prefrontal_Cortex_Relative_Gene_Expression_Difference(RPKM)	Rhesus_Monkey_Prefrontal_Cortex_Relative_Gene_Expression_Difference(RPKM)
ENSG00000000003	30.689375222332032	41.263163870294214	28.04746090737375
ENSG00000000005	17.468182689613474	6.690952228480246	75.84086508190629
ENSG00000000419	36.88177611474777	37.033388053072656	26.084835832179575
ENSG00000000457	25.345360856438347	38.08946613880903	36.56517300475261
ENSG00000000460	31.52309514548137	36.61877590998132	31.858128944537313
ENSG00000000938	40.54144818248666	37.063468529820696	22.395083287692646
ENSG00000000971	22.738381840086888	8.924262488694172	68.33735567121893
ENSG00000001036	40.42109321355327	41.45232560526875	18.126581181177983
ENSG00000001084	29.970534337060123	43.29186718364423	26.73759847929565
ENSG00000001167	27.748882068794313	45.016758061397894	27.234359869807793
ENSG00000001460	64.00051459097529	34.22895104121057	1.7705343678141348
ENSG00000001461	35.982127132422335	39.04884268455683	24.96903018302084
ENSG00000001497	31.905691322646767	28.969415260318886	39.12489341703434
ENSG00000001561	37.985756545759216	40.808481793284145	21.205761660956636
ENSG00000001617	34.933136545943	50.62388339038204	14.442980063674948
ENSG00000001626	41.521630682592395	21.41635794650721	37.06201137090041
ENSG00000001629	35.73885178499484	39.77615037994847	24.484997835056678
ENSG00000001630	38.760801810401745	33.769543951967144	27.469654237631108
ENSG00000001631	36.55093991053388	39.72876785809651	23.720292231369605
ENSG00000002016	38.27452775971594	33.1460602291488	28.579412011135275
ENSG00000002330	42.313864567706375	30.39459089340793	27.29154453888569
ENSG00000002549	27.935861103122317	43.67415762325289	28.389981273624798
ENSG00000002726	3.0008978110640867	4.710703447984412	92.28839874095151
ENSG00000002745	22.68618704103061	40.16784995269574	37.14596300627366
ENSG00000002746	30.314972301153247	33.996100395540005	35.68892730330674
ENSG00000002822	39.379772791270504	27.635631184591436	32.98459602413806
ENSG00000002834	34.65038637423467	28.423306661393177	36.926306964372145
ENSG00000002919	31.439000161203307	30.57347253264917	37.98752730614752
ENSG00000002933	26.498886240296947	40.213648371461126	33.28746538824194
ENSG00000003056	29.421050823437273	38.909984283426766	31.668964893135954
ENSG00000003096	37.03607154300241	29.905550921514084	33.0583775354835
ENSG00000003137	45.83151544069296	35.84182779227834	18.32665676702869
ENSG00000003147	42.862178167687155	35.453543273331114	21.68427855898173
ENSG00000003249	41.84016333011827	23.358615302297164	34.80122136758456
ENSG00000003393	31.536027107533187	30.730082939307028	37.733889953159775
ENSG00000003402	35.37723703775591	35.084942256132685	29.53782070611141
ENSG00000003436	29.09677834867816	21.807889945964124	49.095331705357715
ENSG00000003509	45.65451015006279	21.242012612900993	33.10347723703623
ENSG00000003756	32.84550161528618	37.01140236368896	30.143096021024874
ENSG00000003987	31.2972522762966	31.522876830251672	37.179870893451714
ENSG00000003989	11.016916381140987	52.29409031404012	36.688993304818894
ENSG00000004059	35.89566950995732	29.34615519730845	34.75817529273424
ENSG00000004139	24.91559502441867	28.33236797722493	46.75203699835642
ENSG00000004399	40.72944276475752	32.53321935367477	26.737337881567708
ENSG00000004455	16.796817058586203	47.51654338806095	35.68663955335283
ENSG00000004468	16.535180470915854	39.61912077429325	43.8456987547909
ENSG00000004478	29.594064342643545	37.10982860003646	33.29610705732
ENSG00000004487	30.146533936082104	37.221320056423366	32.63214600749452
ENSG00000004534	43.018013414624946	42.18262824309474	14.799358342280321
ENSG00000004660	23.50704731687702	31.8689461341741	44.62400654894888
ENSG00000004700	31.103013330312578	45.44934746026512	23.447639209422302
ENSG00000004766	34.48970725486434	34.9923247408622	30.51796800427345
ENSG00000004776	21.40227418758241	21.35850266817618	57.23922314424142
ENSG00000004777	30.489603856736547	30.962826307997137	38.54756983526631
ENSG00000004779	24.849423618149753	25.55336321970009	49.59721316215016
ENSG00000004799	32.914636548251394	57.04276955299874	10.042593898749857
ENSG00000004809	24.41347720454638	55.443081207002706	20.14344158845091
ENSG00000004838	33.87539003858918	30.77663451076042	35.347975450650395
ENSG00000004846	0.0	0.0	100.0
ENSG00000004848	34.656813507335926	17.858500229322193	47.48468626334188
ENSG00000004864	27.371246346277395	39.07419703928815	33.55455661443447
ENSG00000004866	33.44992802089428	39.609215456810595	26.940856522295114
ENSG00000004897	35.66225643820684	37.89268973974656	26.4450538220466
ENSG00000004939	54.56777297051121	0.0	45.43222702948878
ENSG00000004948	24.543429726308315	22.01929720358466	53.437273070107025
ENSG00000004961	33.982928162251206	34.0425984234903	31.974473414258505
ENSG00000004975	34.82284879876532	34.2681893077261	30.90896189350858
ENSG00000005001	0.0	0.0	100.0
ENSG00000005007	26.790160500907284	34.20683306914474	39.00300642994799
ENSG00000005020	40.37357412255353	35.39542601672259	24.230999860723887
ENSG00000005022	36.81651047901024	31.368161649502962	31.815327871486794
ENSG00000005059	22.035692832576252	43.985520260939346	33.9787869064844
ENSG00000005073			
ENSG00000005075	10.34944367156434	29.70863213931781	59.941924189117856
ENSG00000005100	29.961654317068724	38.45987403749277	31.578471645438505
ENSG00000005102	0.0	0.0	100.0
ENSG00000005108	23.846410786674483	37.18076492286172	38.9728242904638
ENSG00000005156	43.18814143075235	31.973304826373035	24.83855374287461
ENSG00000005175	34.77353598691136	34.97678717344003	30.249676839648615
ENSG00000005187	17.069250818120782	39.466270880776946	43.464478301102275
ENSG00000005189	38.45469195986189	42.638176553773924	18.90713148636418
ENSG00000005194	41.20427374109225	32.00605600729421	26.78967025161354
ENSG00000005206	24.571510013342273	24.88542038195181	50.543069604705934
ENSG00000005238	29.719279304873503	34.43589521173432	35.84482548339219
ENSG00000005243	21.089827785050705	23.416424202231127	55.49374801271817
ENSG00000005249	34.1750546397265	38.84538594557739	26.97955941469612
ENSG00000005302	37.3800049460613	39.23138966777114	23.388605386167562
ENSG00000005339	31.802721959475587	34.690258378953466	33.50701966157094
ENSG00000005379	38.81026369096946	31.459416756529706	29.730319552500852
ENSG00000005381	36.17411373948098	61.78747340943506	2.038412851083961
ENSG00000005421	78.78920534501687	12.527639087748424	8.683155567234717
ENSG00000005436	46.823432920844446	41.517705725282774	11.658861353872778
ENSG00000005448	30.523711596539084	29.35016605891068	40.12612234455023
ENSG00000005469	46.7235194885258	40.04712737217581	13.229353139298391
ENSG00000005471	32.01242842244353	34.82488751927221	33.162684058284256
ENSG00000005483	30.46363186358329	38.44026028604587	31.096107850370853
ENSG00000005486	43.20215783120931	29.80309234836312	26.99474982042757
ENSG00000005513	27.570713087164776	32.4987054242723	39.930581488562915
ENSG00000005700	38.89972165425177	37.55654896134431	23.54372938440391
ENSG00000005810	32.780192130988354	35.3891120136875	31.830695855324148
ENSG00000005812	30.5262788892947	34.943615838074535	34.53010527263077
ENSG00000005844	15.217033060501405	63.60350023981438	21.17946669968421
ENSG00000005882	33.18115807721723	31.43432385483715	35.384518067945606
ENSG00000005884	38.65392052580632	37.57773698988904	23.768342484304647
ENSG00000005889	30.325549398393708	39.78715754583403	29.88729305577227
ENSG00000005893	35.694430758815955	40.36817513854822	23.93739410263582
ENSG00000005955	34.14994408132651	37.29068167206879	28.559374246604698
ENSG00000005961	24.49248536866307	60.518643011596815	14.988871619740127
ENSG00000005981	49.88993522913082	50.11006477086918	0.0
ENSG00000006007	35.17915526567504	34.93239392495176	29.8884508093732
ENSG00000006015	31.32834461757421	23.729602639788297	44.942052742637486
ENSG00000006016	46.181641288334845	51.337925913958316	2.480432797706832
ENSG00000006025	31.275458777118775	34.04026303921793	34.68427818366329
ENSG00000006042	35.224294187784686	47.42613692019076	17.349568892024557
ENSG00000006047	79.48252531197112	15.544136152458604	4.973338535570295
ENSG00000006059			
ENSG00000006062	25.5467790586069	26.142956037492542	48.31026490390056
ENSG00000006071	37.11821559945282	25.728636493144652	37.15314790740252
ENSG00000006074			
ENSG00000006075	63.42246804915306	28.831210553736007	7.746321397110926
ENSG00000006114	30.801939231392446	38.86073869903054	30.337322069577
ENSG00000006116	40.38081971511288	30.922436190088543	28.696744094798582
ENSG00000006118	35.51697626830681	22.355308361825603	42.12771536986757
ENSG00000006125	36.10126866878472	39.33308559688404	24.56564573433124
ENSG00000006128	42.30910907402601	23.217740384206937	34.47315054176706
ENSG00000006194	37.124248696962134	27.39364487388144	35.48210642915642
ENSG00000006210	56.34820563919416	43.65179436080584	0.0
ENSG00000006282	47.328410385869994	39.161869249239956	13.509720364890049
ENSG00000006283	33.22084525188436	26.06685802534293	40.71229672277272
ENSG00000006327	36.38008188853142	50.165023987169576	13.454894124299008
ENSG00000006377	26.80289064782691	33.96892827443932	39.22818107773377
ENSG00000006432	33.03950528364555	31.723328355048835	35.23716636130561
ENSG00000006451	35.96603329552372	37.71505231652451	26.318914387951754
ENSG00000006453	41.4464970900532	48.96435157505442	9.589151334892367
ENSG00000006459	25.997198342650428	28.886450536906892	45.11635112044267
ENSG00000006468	31.43965371707777	36.60164707238074	31.95869921054148
ENSG00000006530	31.86982560363513	43.30662180741943	24.82355258894544
ENSG00000006555	13.676963281784898	0.9853017849623431	85.33773493325276
ENSG00000006576	31.90644088890328	45.54912159069553	22.5444375204012
ENSG00000006606	19.809513224624112	0.0	80.19048677537587
ENSG00000006607	31.8146909576216	29.284660258598127	38.90064878378028
ENSG00000006611	17.72194744234648	68.70066408507232	13.577388472581205
ENSG00000006625	53.52214895493198	21.383347686010232	25.094503359057786
ENSG00000006634	31.511321157615473	26.6255380987634	41.86314074362113
ENSG00000006638	80.25327502997199	10.184503621967076	9.562221348060937
ENSG00000006652	44.168518736659	31.838117662053943	23.99336360128707
ENSG00000006695	25.76400357038309	35.574317976152564	38.66167845346435
ENSG00000006704	31.31636167966772	32.964823002051475	35.71881531828081
ENSG00000006712	42.19624039360121	27.133076287741957	30.670683318656835
ENSG00000006715	29.988726513419323	52.373041356025695	17.638232130554982
ENSG00000006740	30.814762283636693	26.543408483430657	42.641829232932636
ENSG00000006744	53.37354163606434	24.674841377598337	21.95161698633733
ENSG00000006747	22.353389201112105	8.378992709908792	69.2676180889791
ENSG00000006757	72.17336138677413	17.625268207516296	10.201370405709573
ENSG00000006788	16.096514530797723	22.84874573165288	61.054739737549404
ENSG00000006831	30.267604011702957	45.57538294267312	24.157013045623916
ENSG00000006837	41.40624790025135	35.86158527458973	22.73216682515891
ENSG00000007001	91.07851175200616	8.921488247993842	0.0
ENSG00000007038	5.40936865623568	9.17935650003553	85.41127484372879
ENSG00000007047	32.46589756903117	33.82431533665142	33.7097870943174
ENSG00000007062	31.272331323062915	40.23284781548207	28.49482086145502
ENSG00000007080	32.97937846231936	28.604962233025667	38.41565930465498
ENSG00000007168	29.52767022802632	42.49784770173251	27.974482070241162
ENSG00000007171	75.7895630579014	22.982738420698205	1.2276985214003833
ENSG00000007174	32.73857422335928	25.394521252565845	41.86690452407487
ENSG00000007202	34.682701081322556	35.036610418574796	30.280688500102638
ENSG00000007216	13.36575660691111	54.55095842891172	32.08328496417715
ENSG00000007237	31.55529086753679	37.44899615610782	30.995712976355392
ENSG00000007255	56.173597510349126	0.0	43.82640248965089
ENSG00000007264	42.74141668596304	20.556024133078854	36.70255918095811
ENSG00000007312	43.8115836530736	56.188416346926395	0.0
ENSG00000007314	61.54122002882211	0.0	38.45877997117789
ENSG00000007341	27.693022822695607	36.45688472200478	35.85009245529963
ENSG00000007350	8.487572203232462	7.298279506037107	84.21414829073044
ENSG00000007372	30.12802984659591	37.88904594913308	31.98292420427101
ENSG00000007376	31.366311130497515	28.49915086840889	40.13453800109359
ENSG00000007384	32.31155248312075	36.6848497845317	31.003597732347565
ENSG00000007392	34.49353597439496	31.547317784641333	33.9591462409637
ENSG00000007402	28.44855194505156	34.40184750755571	37.14960054739273
ENSG00000007516	52.33541067476877	14.285891909671744	33.37869741555948
ENSG00000007520	43.223677392508854	25.27560064478936	31.50072196270179
ENSG00000007541	47.9329989825083	27.746280692362816	24.320720325128885
ENSG00000007545	29.856612729740334	36.623685143168075	33.51970212709159
ENSG00000007866	37.477291119960306	45.50335105450119	17.019357825538506
ENSG00000007908	78.16957946011742	18.113940633255957	3.716479906626628
ENSG00000007923	34.46353034489542	35.1276845376255	30.40878511747908
ENSG00000007933	27.13963133168396	1.2741710186105326	71.58619764970551
ENSG00000007944	44.031446737851205	24.12138582641252	31.847167435736285
ENSG00000007952	65.74735235072788	34.25264764927212	0.0
ENSG00000007968	100.0	0.0	0.0
ENSG00000008018	28.480173105568245	28.429692527387445	43.09013436704431
ENSG00000008056	39.093335270469346	23.83548239813075	37.07118233139991
ENSG00000008083	28.202124316132977	35.87322172926257	35.924653954604466
ENSG00000008086	34.32058689808035	37.21338848682246	28.46602461509719
ENSG00000008118	37.01616158073349	45.81273860014239	17.17109981912412
ENSG00000008128	27.09199829315213	28.971397184104532	43.93660452274334
ENSG00000008130	25.059286899840703	25.84086740898001	49.09984569117928
ENSG00000008196	50.9945164319346	18.909416923335417	30.09606664472998
ENSG00000008197	48.09840128937215	19.162348157674295	32.73925055295355
ENSG00000008226	18.201330769529626	74.17186875401975	7.626800476450624
ENSG00000008256	31.367495825250163	32.10378707500264	36.5287170997472
ENSG00000008277	32.59893184179412	37.782759509822114	29.618308648383767
ENSG00000008282	29.243560933517504	39.93032401916505	30.826115047317455
ENSG00000008283	38.951056463333316	30.404376713413424	30.644566823253268
ENSG00000008294	32.77194094113989	37.80135736086587	29.426701697994233
ENSG00000008300	28.739019042077906	36.1764490027745	35.084531955147604
ENSG00000008311	39.49835252106553	40.72356721203486	19.778080266899607
ENSG00000008323	0.0	0.0	100.0
ENSG00000008324	33.256353051305645	18.630114750524047	48.11353219817031
ENSG00000008382	32.185681323608215	32.32206086585672	35.492257810535065
ENSG00000008394	62.50311055894209	9.233277174303742	28.26361226675416
ENSG00000008405	31.22020987212392	40.47453257907893	28.30525754879715
ENSG00000008441	35.84077788260544	27.75678207188995	36.40244004550461
ENSG00000008513	24.17347291471472	34.93620772459104	40.89031936069424
ENSG00000008516	50.45930252923241	40.34235164199653	9.19834582877107
ENSG00000008710	41.00563294937845	33.5300922611423	25.46427478947926
ENSG00000008735	33.87985135572373	28.417384281598228	37.702764362678046
ENSG00000008838	30.39395783735645	40.67316675300787	28.932875409635685
ENSG00000008853	44.87625031022669	27.58522826473897	27.53852142503435
ENSG00000008869	34.8539793295201	31.02234800331456	34.12367266716534
ENSG00000008952	35.5695339906364	34.23436641715665	30.196099592206938
ENSG00000008988	46.01789709260433	42.43818690712024	11.543916000275427
ENSG00000009307	33.57078948800937	38.6185119789389	27.81069853305173
ENSG00000009335	32.741189291508874	38.03705023717477	29.221760471316365
ENSG00000009413	37.0133721661504	44.0582538259773	18.9283740078723
ENSG00000009694	34.41509365431449	34.90544967913951	30.67945666654599
ENSG00000009709	23.819668077581365	76.18033192241863	0.0
ENSG00000009724	26.12492308821971	40.87879280177831	32.99628411000198
ENSG00000009765	0.0	0.0	100.0
ENSG00000009780	37.62621471310292	35.39414622286854	26.97963906402854
ENSG00000009790	21.84101487317648	46.70447357853147	31.454511548292054
ENSG00000009830	34.35370086666488	31.8672435927916	33.779055540543524
ENSG00000009844	36.251443026888595	36.880775068250294	26.867781904861115
ENSG00000009950	49.55870696288629	33.392617326550564	17.04867571056313
ENSG00000009954	26.387944669656104	44.98987923565796	28.62217609468593
ENSG00000010017	37.31146280409877	36.84419607530634	25.844341120594894
ENSG00000010072	44.67887342519013	25.231483339447568	30.089643235362306
ENSG00000010165	46.7921590431225	30.140142305426878	23.067698651450634
ENSG00000010219	42.138909091318304	45.635344749239415	12.225746159442275
ENSG00000010244	36.64013101789999	38.03590230829054	25.323966673809473
ENSG00000010256	30.300256800565645	29.71817149302389	39.98157170641048
ENSG00000010270	32.10682457852816	38.577892969585406	29.315282451886432
ENSG00000010278	32.998874708090355	38.63304840618464	28.368076885724996
ENSG00000010292	21.467046772273328	60.92894494913792	17.604008278588744
ENSG00000010295	28.203901807569558	28.26329109837728	43.53280709405316
ENSG00000010318	43.91536653045638	8.298428571685369	47.786204897858255
ENSG00000010319	42.68568761407879	37.49041705887634	19.82389532704487
ENSG00000010322	34.458462031237794	26.342154580915604	39.199383387846595
ENSG00000010327	22.478148530155405	37.04619402350184	40.47565744634276
ENSG00000010361	31.986442632105845	24.068991252563883	43.94456611533027
ENSG00000010379	35.57348362874065	31.889623880133794	32.536892491125556
ENSG00000010404	35.38323650299592	41.00673114626281	23.610032350741278
ENSG00000010610	26.219453601731967	32.176968096563826	41.60357830170419
ENSG00000010626	32.815919276706616	60.28771279153475	6.896367931758624
ENSG00000010671	23.53850162431034	49.99694302943521	26.46455534625446
ENSG00000010704	23.797842013727983	26.254137412200297	49.94802057407172
ENSG00000010803	37.51341458960596	33.022230766152134	29.464354644241915
ENSG00000010810	38.166347086591365	31.187683771115292	30.64596914229335
ENSG00000010818	35.504126467191334	33.37370606538594	31.122167467422734
ENSG00000010932	13.402256602033761	34.94373436472768	51.65400903323856
ENSG00000011007	31.19846762372797	36.695496139669146	32.10603623660289
ENSG00000011009	23.009270715134196	30.679270215177546	46.31145906968826
ENSG00000011021	36.27951288844765	35.99931084317545	27.721176268376883
ENSG00000011028	29.787603556106966	25.599563450731583	44.61283299316145
ENSG00000011052	37.26580621856416	17.150140755037057	45.58405302639878
ENSG00000011083	35.13981928058253	24.67737076619084	40.18280995322663
ENSG00000011105	38.18824108341808	20.601744200420395	41.210014716161524
ENSG00000011114	33.1529244723328	40.05963557634752	26.787439951319676
ENSG00000011132	25.663131110382913	42.256329501898364	32.08053938771873
ENSG00000011143	18.00620454812283	43.42146081478425	38.57233463709292
ENSG00000011198	30.566237787459123	43.95873380927834	25.475028403262545
ENSG00000011243	30.23055432668763	33.19939695753927	36.570048715773105
ENSG00000011258	24.847227072777883	42.73086038756957	32.42191253965255
ENSG00000011260	46.87732685053899	10.243231145594459	42.87944200386655
ENSG00000011275	31.392451593728982	42.61335617086823	25.994192235402785
ENSG00000011304	33.768851184436684	42.64673540181635	23.58441341374696
ENSG00000011332	32.40502025995847	36.65489109007712	30.94008864996441
ENSG00000011347	35.79769686480929	28.83579628868091	35.36650684650981
ENSG00000011376	37.51690405131573	40.698857845532196	21.784238103152067
ENSG00000011405	38.521505883225174	42.85491856595738	18.623575550817453
ENSG00000011422	52.247246624271504	20.87642400665861	26.876329369069897
ENSG00000011426	31.108927612162105	44.905461666110696	23.985610721727205
ENSG00000011451	36.003331918534435	30.859324179583076	33.137343901882474
ENSG00000011454	33.48656635764037	38.859667531204714	27.653766111154916
ENSG00000011465	39.27185299835055	35.311708352502805	25.416438649146645
ENSG00000011478	45.64589379935817	25.817042808053625	28.5370633925882
ENSG00000011485	35.23716984606885	33.5881986755475	31.174631478383645
ENSG00000011523	40.15391656034727	37.43524067310082	22.4108427665519
ENSG00000011566	28.853334871260532	40.376137249152016	30.77052787958745
ENSG00000011590	4.1276344713750275	7.984992650990506	87.88737287763448
ENSG00000011600	18.381453065020384	55.49102765355881	26.12751928142081
ENSG00000011638	52.6497627113273	29.94012945224183	17.41010783643087
ENSG00000011677	37.75348931816273	34.64297537401724	27.60353530782004
ENSG00000012048	34.4119613667324	27.89180325140896	37.696235381858635
ENSG00000012061	30.27488560168211	54.57942343161414	15.14569096670375
ENSG00000012124	43.84559487736654	35.403240097034534	20.75116502559893
ENSG00000012171	42.82439725692544	38.90353822854229	18.272064514532268
ENSG00000012174	38.98787260661844	39.9540019014626	21.058125491918975
ENSG00000012211	38.09728809232018	32.670801983158704	29.231909924521116
ENSG00000012223	86.99343416644967	9.127411957051628	3.8791538764986915
ENSG00000012232	35.17181353980354	35.228263350101884	29.59992311009458
ENSG00000012504	0.0	100.0	0.0
ENSG00000012660	32.13039605649639	43.47194470200581	24.39765924149781
ENSG00000012779	29.71591247283003	49.53274258802786	20.751344939142108
ENSG00000012822	30.750971274953997	42.173603205916045	27.07542551912997
ENSG00000012963	29.257254683033057	40.442428286847495	30.30031703011945
ENSG00000012983	36.83985919107198	43.55081428393967	19.60932652498835
ENSG00000013016	37.30585263766565	32.437336141970505	30.25681122036386
ENSG00000013275	33.771757842798344	33.160470163743845	33.06777199345782
ENSG00000013288	49.6018701255599	21.0853173455301	29.312812528910005
ENSG00000013293	28.547634275917105	39.96356270592436	31.488803018158535
ENSG00000013297	27.843278887280242	37.6752755853955	34.48144552732426
ENSG00000013306	35.27681584599722	38.28602848947887	26.43715566452391
ENSG00000013364	27.92029840272049	22.999005199837246	49.08069639744226
ENSG00000013374	27.586854912490246	39.65645547783378	32.75668960967598
ENSG00000013375	33.42400164910818	39.51398084217105	27.062017508720775
ENSG00000013392	40.716586562098925	30.165648150776104	29.117765287124968
ENSG00000013441	34.082881145705926	31.72600860857735	34.19111024571672
ENSG00000013503	30.137500697428592	30.174364780339246	39.68813452223217
ENSG00000013523	33.758507147040376	40.53838508161905	25.703107771340584
ENSG00000013561	36.35296527325642	39.30386664236904	24.343168084374522
ENSG00000013563	70.6700997959473	22.483655208473312	6.846244995579393
ENSG00000013583	26.132722607229077	37.99850867485224	35.868768717918684
ENSG00000013588	70.21932756219377	12.56088599455448	17.21978644325175
ENSG00000013619	30.64024884713466	34.10381025134286	35.25594090152248
ENSG00000013725	68.82135170215395	14.980267565683784	16.198380732162256
ENSG00000013810	51.7105590555173	14.621407091358341	33.66803385312435
ENSG00000014123	32.41193102589971	37.634917027543906	29.95315194655639
ENSG00000014138	30.39477900631406	42.736289704084896	26.868931289601043
ENSG00000014164	32.634040733604834	33.425448776178854	33.940510490216305
ENSG00000014216	34.94833527727436	35.42038111302849	29.63128360969715
ENSG00000014257	29.119353404035586	39.07542204534535	31.805224550619055
ENSG00000014641	35.030006977225455	32.93139988663032	32.038593136144236
ENSG00000014824	37.07485168203951	39.20873181583307	23.71641650212741
ENSG00000014914	40.66348295198857	43.62347387343019	15.71304317458124
ENSG00000014919	31.501329784689474	44.10949742903098	24.389172786279534
ENSG00000015133	33.13761921708304	18.290961092746112	48.57141969017085
ENSG00000015153	32.106853486312225	35.91910927597194	31.97403723771583
ENSG00000015171	28.33743908042582	37.744298916951905	33.91826200262227
ENSG00000015413	12.964399088542077	0.0	87.03560091145793
ENSG00000015475	57.16962220536937	29.662110936797824	13.168266857832814
ENSG00000015479	43.20147438793812	44.250163125140574	12.548362486921302
ENSG00000015520	11.785180848146396	0.0	88.21481915185359
ENSG00000015532	25.454606888861836	30.19117492074843	44.35421819038972
ENSG00000015592	29.586474678966262	28.312607289993068	42.10091803104068
ENSG00000015676	34.725981598148	34.324218523540395	30.949799878311605
ENSG00000016082			
ENSG00000016391	30.89863310982585	37.51841162367756	31.582955266496594
ENSG00000016402	23.444311683090266	44.43843722449052	32.11725109241923
ENSG00000016490	0.0	0.0	100.0
ENSG00000016602	61.51589198244515	36.39815915354544	2.0859488640094153
ENSG00000016864	37.23798813198778	35.96882751576758	26.79318435224464
ENSG00000017260	40.30391079496853	39.52374697197891	20.17234223305256
ENSG00000017373	24.817469406540514	33.87486006624748	41.307670527212004
ENSG00000017427	16.210244308773447	31.6687544855364	52.12100120569014
ENSG00000017483	26.627167031761495	40.332807425245235	33.04002554299327
ENSG00000017621	29.318967690406474	13.959076613959132	56.7219556956344
ENSG00000017797	32.97699966731923	39.53198273726492	27.491017595415855
ENSG00000018189	35.073830017439015	42.278431633676114	22.64773834888488
ENSG00000018236	29.632607803841793	40.66611307447951	29.70127912167869
ENSG00000018280	34.81810647751702	35.4293757285454	29.752517793937592
ENSG00000018408	41.580463155038395	35.3016531033488	23.11788374161281
ENSG00000018510	35.05597230289293	35.39433061994337	29.549697077163717
ENSG00000018610	58.9903923080511	9.50796370740977	31.50164398453914
ENSG00000018625	27.723121538446822	39.447819739143725	32.82905872240946
ENSG00000018699	32.49497740035836	30.867112132724973	36.63791046691665
ENSG00000018869	32.29051689421053	54.16130184965655	13.54818125613291
ENSG00000019102	42.61509989449255	51.85091960049274	5.5339805050147115
ENSG00000019144	35.468133843252645	30.10942095759465	34.422445199152705
ENSG00000019169	70.82414505117619	26.88200514297411	2.2938498058497
ENSG00000019186	79.89730569682312	10.87435812076533	9.228336182411551
ENSG00000019485	37.31516026644068	33.11311885855462	29.571720875004697
ENSG00000019505	30.993204724326823	36.64607794317733	32.36071733249583
ENSG00000019549	42.5053967514468	10.33528298289913	47.15932026565407
ENSG00000019582	29.680522852091023	47.53907091824166	22.780406229667307
ENSG00000019991	32.69152365633228	42.18145486790949	25.127021475758237
ENSG00000019995	40.20150925760471	39.02257357287184	20.775917169523446
ENSG00000020129	31.264484028022498	32.1036696793713	36.6318462926062
ENSG00000020181	33.110947558198475	31.952051556659676	34.93700088514184
ENSG00000020256	38.756728865621184	32.03127688239896	29.211994251979856
ENSG00000020426	36.432258697747365	39.80554187925217	23.762199423000467
ENSG00000020577	30.005567520400916	39.763639968213376	30.230792511385694
ENSG00000020633	40.516432492076724	35.92665655294774	23.556910954975542
ENSG00000020922	34.46315873077982	40.80935018897528	24.727491080244896
ENSG00000021300	37.28827629112559	34.058069617679124	28.653654091195264
ENSG00000021355	20.586396174870643	37.164371925575466	42.249231899553884
ENSG00000021461	53.98854932394295	35.72167685949139	10.28977381656567
ENSG00000021488	9.172996734181822	12.68850887763437	78.13849438818382
ENSG00000021574	32.33737525386417	33.14604470563985	34.516580040495974
ENSG00000021645	34.30630036025631	35.86852619544902	29.825173444294684
ENSG00000021762	40.9627529785951	23.134193239786846	35.90305378161806
ENSG00000021776	21.550771272150683	38.6081893719443	39.84103935590501
ENSG00000021826	68.64792183366144	23.24936929075848	8.102708875580086
ENSG00000021852	0.0	0.0	100.0
ENSG00000022267	38.805537125079724	32.273529922891434	28.920932952028842
ENSG00000022277	38.57127896385272	36.943531142382554	24.4851898937647
ENSG00000022355	36.360331956898456	36.31573748382294	27.323930559278608
ENSG00000022556	98.80710124949759	0.0	1.1928987505024051
ENSG00000022567	37.68099833672295	28.74498150839024	33.57402015488682
ENSG00000022840	36.36348686524892	35.70776227839118	27.92875085635989
ENSG00000022976	47.371876320732156	37.3360806812919	15.292042997975946
ENSG00000023041	36.16534463712665	30.248293874546295	33.58636148832705
ENSG00000023171	29.07519375453403	32.91971303001739	38.00509321544859
ENSG00000023191	32.567890375908284	35.05859511649059	32.37351450760112
ENSG00000023228	32.20330348926716	41.19104124997236	26.605655260760486
ENSG00000023287	36.85894050838777	36.17453999166423	26.96651949994799
ENSG00000023318	35.10284914215219	41.927148243044506	22.9700026148033
ENSG00000023330	36.600689863729116	35.822969305887206	27.57634083038367
ENSG00000023445	9.435514612994512	76.70932139073663	13.855163996268866
ENSG00000023572	30.370704971627198	30.75464197452906	38.874653053843744
ENSG00000023608	25.754814371814966	36.33736309929901	37.90782252888603
ENSG00000023697	46.01507429726537	39.997374579517256	13.987551123217376
ENSG00000023734	47.192110803332504	40.49159727314509	12.316291923522396
ENSG00000023892	30.990609676005022	36.36023853189984	32.649151792095125
ENSG00000023902	32.20611419247592	31.17420356971334	36.61968223781073
ENSG00000023909	31.446827286278868	44.911625175521166	23.641547538199962
ENSG00000024048	32.082437562520454	36.26964253259441	31.64791990488513
ENSG00000024422	34.989083400944075	30.926152950889463	34.08476364816645
ENSG00000024526	28.66160300390952	68.06220581310588	3.276191182984603
ENSG00000024862	33.57822105248123	41.37535383968713	25.046425107831656
ENSG00000025039	28.603611771679873	39.89329207891562	31.50309614940452
ENSG00000025156	37.233601289423696	35.117014634423235	27.649384076153073
ENSG00000025293	33.62771602136231	37.178405827102246	29.193878151535447
ENSG00000025423	24.79367117318087	5.44878356180798	69.75754526501116
ENSG00000025434	57.28933656234142	30.79946432474357	11.91119911291501
ENSG00000025708	33.10161292047072	48.48556410353827	18.41282297599101
ENSG00000025770	26.669430775751472	33.72427017935708	39.60629904489145
ENSG00000025772	34.03347685321475	39.532226151687595	26.434296995097668
ENSG00000025796	35.066500298418035	38.11304565310556	26.820454048476407
ENSG00000025800	25.143091703173763	38.17073981704432	36.68616847978192
ENSG00000026025	48.25437889424011	24.168915143325798	27.576705962434083
ENSG00000026036	29.795473157386198	40.57051407107122	29.634012771542572
ENSG00000026103	51.9149310950232	39.0312087628656	9.053860142111189
ENSG00000026297	26.463080186970693	30.125484714157807	43.4114350988715
ENSG00000026508	32.73734795010179	41.77733913053692	25.485312919361284
ENSG00000026652	40.980589196677975	27.11995333415393	31.8994574691681
ENSG00000026751	62.58328733322185	37.41671266677816	0.0
ENSG00000027001	23.82130253235003	22.304754279734873	53.87394318791511
ENSG00000027075	38.529707594947396	43.91678818333455	17.553504221718043
ENSG00000027644	71.02509271132524	18.047831177773745	10.92707611090101
ENSG00000027697	30.16491128557754	48.044962831314706	21.79012588310777
ENSG00000027847	28.20983396276909	36.19218488189818	35.59798115533273
ENSG00000027869	75.63158898629261	24.3684110137074	0.0
ENSG00000028116	34.59707050767652	40.22497146240274	25.177958029920738
ENSG00000028137	30.69184229838048	36.475339478333304	32.83281822328622
ENSG00000028203	39.891086902948686	36.71685409336163	23.39205900368967
ENSG00000028277	23.048755261695362	43.527352508459	33.423892229845634
ENSG00000028310	31.250907802027456	33.28830483025282	35.460787367719746
ENSG00000028528	26.6405171843093	38.74362813246354	34.61585468322716
ENSG00000028839	40.02606233885749	46.515814818377265	13.458122842765238
ENSG00000029153	31.384758695154492	36.095680446811315	32.51956085803419
ENSG00000029363	31.224115838831118	39.63164882155024	29.14423533961863
ENSG00000029364	33.20147109589894	40.02225852345823	26.776270380642835
ENSG00000029534	25.083222512993597	30.725567326272373	44.19121016073404
ENSG00000029559	16.883809152186217	65.18365740047172	17.932533447342056
ENSG00000029639	25.713814065395297	29.325899360738884	44.96028657386582
ENSG00000029725	31.794684594266435	38.33393478633981	29.87138061939375
ENSG00000029993	42.87818105635264	40.451856755333345	16.66996218831403
ENSG00000030066	30.80092679292913	45.26892685539785	23.930146351673017
ENSG00000030304	11.596343417266706	5.1521536591535915	83.25150292357971
ENSG00000030419	25.562686592286386	48.398858175212375	26.03845523250124
ENSG00000030582	29.580911990739416	33.95380758710622	36.46528042215436
ENSG00000031003	34.105401093337896	39.99068839467274	25.90391051198937
ENSG00000031081	34.350547728373485	42.06547065983994	23.58398161178659
ENSG00000031691	68.12789930876363	31.872100691236373	0.0
ENSG00000031698	33.135838586307166	33.08809567162317	33.77606574206967
ENSG00000031823	34.28919924363185	31.588947804026525	34.12185295234162
ENSG00000032219	31.75392789620952	32.89977640437278	35.346295699417695
ENSG00000032389	25.293885761070634	36.583864990968785	38.12224924796059
ENSG00000032444	32.65517200980026	38.711358021436965	28.63346996876277
ENSG00000032742	24.180471659199135	44.00340562060502	31.816122720195843
ENSG00000033011	33.740638400731235	45.16785968112328	21.09150191814548
ENSG00000033030	31.137348923329753	37.969347088486984	30.893303988183256
ENSG00000033050	41.46008020957757	33.32524585151592	25.21467393890652
ENSG00000033100	34.823795471686076	31.227924000870004	33.94828052744392
ENSG00000033122	35.35437034166303	28.328449626273066	36.31718003206391
ENSG00000033170	40.700226567247434	29.91858095539708	29.381192477355484
ENSG00000033178	42.334313350890575	32.73873776607791	24.926948883031518
ENSG00000033327	34.89426253506779	41.61878774906057	23.48694971587164
ENSG00000033627	37.42046682309984	31.121662002651405	31.457871174248766
ENSG00000033800	32.71469300849789	39.856070631753795	27.429236359748327
ENSG00000033867	32.40677650054187	46.01133669536592	21.5818868040922
ENSG00000034053	35.34219790220376	29.347339304235255	35.31046279356098
ENSG00000034063	13.662729261580978	54.02885329396294	32.30841744445609
ENSG00000034152	43.22642969297695	36.926256626274345	19.847313680748716
ENSG00000034239	55.01796561783278	20.045230588926575	24.936803793240646
ENSG00000034510	40.116716701156435	23.82558743788773	36.05769586095583
ENSG00000034533	43.202164566299686	34.87937679338829	21.918458640312025
ENSG00000034677	33.55788059725144	37.52777383318412	28.914345569564446
ENSG00000034693	32.55098068866636	28.280238367273792	39.16878094405986
ENSG00000034713	36.035963856894156	35.96170269710408	28.002333446001753
ENSG00000034971	0.5572595129228692	2.4267237111781395	97.01601677589899
ENSG00000035115	55.83164365828842	39.07011384859649	5.098242493115093
ENSG00000035141	38.888175407892376	44.18014164458147	16.93168294752615
ENSG00000035403	38.72879850220696	33.793571088165955	27.47763040962708
ENSG00000035499	59.0376570210802	33.20806140385024	7.754281575069556
ENSG00000035664	36.19334530677291	38.84045565333623	24.966199039890856
ENSG00000035681	32.9345706419211	25.553310703892425	41.512118654186466
ENSG00000035687	47.20874030502683	34.97659506408057	17.814664630892597
ENSG00000035720			
ENSG00000035862	37.646386062942604	35.86030505156847	26.493308885488947
ENSG00000035928	30.76396373213622	37.96412343095957	31.271912836904203
ENSG00000036054	35.40192873640292	32.610452987632236	31.98761827596483
ENSG00000036257	35.69575434619711	33.199956802909504	31.104288850893397
ENSG00000036448	23.76637748197961	61.94073616978891	14.292886348231493
ENSG00000036473	75.51735828586928	24.482641714130732	0.0
ENSG00000036530	37.49252847405394	30.60408112366064	31.903390402285435
ENSG00000036549	30.453151307691563	39.39727936503916	30.149569327269266
ENSG00000036565	0.0	0.0	100.0
ENSG00000036672	32.62960137274679	41.76448094201171	25.605917685241504
ENSG00000036828	0.0	45.0351865120429	54.9648134879571
ENSG00000037042	43.85149955756518	29.863052132062894	26.28544831037193
ENSG00000037241	22.6972326720534	27.007127648758082	50.29563967918852
ENSG00000037280	28.42731222567845	46.91699606199172	24.655691712329837
ENSG00000037474	37.49606324584182	35.15971948651589	27.344217267642296
ENSG00000037637	44.183660589959636	26.821020965078002	28.995318444962372
ENSG00000037749	27.652168782571135	37.361504655867165	34.98632656156169
ENSG00000037757	40.95112418999708	27.442894400163066	31.605981409839856
ENSG00000037897	45.837333377306564	33.677076868431634	20.4855897542618
ENSG00000037965			
ENSG00000038002	29.66847611595127	40.592912164332226	29.738611719716506
ENSG00000038210	32.420593986103604	50.24504467876002	17.334361335136368
ENSG00000038219	30.70632738253535	36.32601898691405	32.9676536305506
ENSG00000038274	35.51710945818882	36.56830473065116	27.914585811160027
ENSG00000038295	37.20697882033258	34.21040242301234	28.58261875665507
ENSG00000038358	32.547461431665155	31.480096946520202	35.972441621814646
ENSG00000038382	32.097185555851325	36.68726748109113	31.215546963057538
ENSG00000038427	31.690401980392657	36.28191263910181	32.027685380505524
ENSG00000038532	27.626626687543705	44.17195502318377	28.201418289272524
ENSG00000038945	47.44751896219766	45.39626138148002	7.156219656322303
ENSG00000039068	54.895625123216675	31.001013998837053	14.103360877946283
ENSG00000039123	36.501034253685354	35.45164461274215	28.047321133572506
ENSG00000039139	26.1101757215641	28.695134877343424	45.194689401092475
ENSG00000039319	38.29660580975968	40.129370419607405	21.574023770632923
ENSG00000039523	30.62356811721954	37.3767410488668	31.999690833913657
ENSG00000039537	22.997504347537458	21.522669494875842	55.479826157586686
ENSG00000039560	27.446473701590175	38.25966635199886	34.293859946410954
ENSG00000039600	11.087050098651781	83.05489240858732	5.858057492760884
ENSG00000039650	32.15030783913767	36.3101845787251	31.539507582137215
ENSG00000039987	13.16122849666708	86.83877150333292	0.0
ENSG00000040199	33.742785702319864	38.240424885061394	28.016789412618742
ENSG00000040275	19.412966151408558	30.947698643468534	49.6393352051229
ENSG00000040341	36.79171586116022	32.458920721497805	30.749363417341968
ENSG00000040487	24.69609016009338	49.37196825969318	25.931941580213437
ENSG00000040531	24.67889112655739	42.661691888542435	32.65941698490018
ENSG00000040608	32.29716411801657	27.258274511453294	40.44456137053014
ENSG00000040633	32.68840058762854	29.30734848248054	38.004250929890915
ENSG00000040731	39.49774489124403	38.055765981897736	22.446489126858232
ENSG00000040933	29.907927555343345	31.409629693490466	38.68244275116619
ENSG00000041353	48.13831760228347	34.138655748601174	17.723026649115354
ENSG00000041357	31.43475106155608	32.71649090897914	35.84875802946479
ENSG00000041515	37.18616688608926	19.515459171359122	43.29837394255161
ENSG00000041802	32.7365491125931	27.072531030633012	40.190919856773895
ENSG00000041880	49.7478731020933	34.45613469279912	15.795992205107565
ENSG00000041982	22.22758763856705	11.974750646180182	65.79766171525276
ENSG00000041988	25.00413720824577	29.50572187321001	45.49014091854423
ENSG00000042062	60.82309806390247	23.959352796050506	15.217549140047018
ENSG00000042088	36.34295091396621	35.768833563641586	27.88821552239219
ENSG00000042286	27.195266890107174	52.32167759361139	20.483055516281425
ENSG00000042317	49.15224132996169	33.94818065085355	16.899578019184766
ENSG00000042429	26.218092092571567	38.52588059891181	35.25602730851662
ENSG00000042445	41.15898918780327	30.913382207909518	27.927628604287218
ENSG00000042493	29.917999402447176	52.21236612397194	17.869634473580884
ENSG00000042753	35.132038681416155	31.681937745674237	33.18602357290961
ENSG00000042781	13.0997669167776	55.01913083721162	31.88110224601079
ENSG00000042813	0.0	7.307803402301645	92.69219659769836
ENSG00000042832	19.069613087453916	39.88007799364196	41.050308918904115
ENSG00000042980	28.715584932248163	56.410120313764146	14.87429475398769
ENSG00000043039	67.97120733214419	22.910729521457824	9.11806314639797
ENSG00000043093	30.07533117207443	40.15391538549776	29.77075344242781
ENSG00000043143	24.90474460317865	34.12563394717755	40.9696214496438
ENSG00000043355	22.61106147999162	30.258967792609948	47.12997072739844
ENSG00000043462	47.8407584132571	37.58085860220059	14.578382984542301
ENSG00000043514	36.4274616403449	42.1829118492769	21.389626510378207
