ENSEMBL ID	Human_Primary_Visual_Cortex_Relative_Gene_Expression_Difference(RPKM)	Chimp_Primary_Visual_Cortex_Relative_Gene_Expression_Difference(RPKM)	Rhesus_Monkey_Primary_Visual_Cortex_Relative_Gene_Expression_Difference(RPKM)
ENSG00000000003	31.434351503967868	40.164331905299456	28.401316590732666
ENSG00000000005	7.844755304131865	18.40817669472187	73.74706800114626
ENSG00000000419	34.60224200901568	32.56403045301004	32.83372753797429
ENSG00000000457	16.50324362781155	36.09784502843738	47.39891134375107
ENSG00000000460	37.803030719737095	28.788140425097165	33.40882885516574
ENSG00000000938	39.192942777696615	42.22608392359394	18.58097329870944
ENSG00000000971	21.184012790813007	7.11179659869768	71.70419061048932
ENSG00000001036	43.77365390639596	32.14376984555935	24.082576248044703
ENSG00000001084	30.89730345918217	41.33575076493665	27.766945775881187
ENSG00000001167	32.64388496731214	41.51160641058994	25.844508622097923
ENSG00000001460	55.29434569856028	41.288487608683525	3.417166692756204
ENSG00000001461	33.57912735314342	33.25751427184373	33.16335837501284
ENSG00000001497	30.561982496158794	27.54196428561712	41.89605321822408
ENSG00000001561	38.540174055547	37.901774416000485	23.558051528452513
ENSG00000001617	22.436865350293726	54.96285104349198	22.600283606214298
ENSG00000001626	44.741129799148034	31.18206116371576	24.076809037136208
ENSG00000001629	38.9307415204162	33.29974240054004	27.769516079043765
ENSG00000001630	33.54750262282815	36.57847161720576	29.874025759966084
ENSG00000001631	31.41282697966551	40.87654770432649	27.71062531600801
ENSG00000002016	38.77820640458425	31.46673475548296	29.75505883993278
ENSG00000002330	45.28997269677822	40.103047039550674	14.606980263671115
ENSG00000002549	29.836176187811027	44.627943645793586	25.535880166395387
ENSG00000002726	0.0	100.0	0.0
ENSG00000002745	11.016478606852928	32.61842155414035	56.365099839006724
ENSG00000002746	18.58183769633508	33.3534502617801	48.06471204188481
ENSG00000002822	37.731735416634976	31.632233638073316	30.636030945291715
ENSG00000002834	25.18334770105127	28.94985504644471	45.86679725250402
ENSG00000002919	25.7195090423371	29.977638975780042	44.30285198188287
ENSG00000002933	35.235541830759736	36.35333004466908	28.411128124571178
ENSG00000003056	23.32463932025058	38.39767102140646	38.27768965834295
ENSG00000003096	25.751942414506644	27.910394323843523	46.33766326164982
ENSG00000003137	31.03716687839362	39.2141989553229	29.748634166283477
ENSG00000003147	36.246782310298585	36.521064953334324	27.232152736367084
ENSG00000003249	38.96514062401747	23.010355080779966	38.024504295202554
ENSG00000003393	20.034397852206133	32.7414599676784	47.22414218011547
ENSG00000003402	41.722348317992505	28.669696503304337	29.607955178703165
ENSG00000003436	25.3218308067538	28.23378178432472	46.444387408921486
ENSG00000003509	38.380394026107034	22.277197538586204	39.34240843530676
ENSG00000003756	32.88354699354573	34.74695783068549	32.369495175768776
ENSG00000003987	21.292616448957453	28.744047411339658	49.96333613970288
ENSG00000003989	10.6577247355445	42.95308867620846	46.38918658824704
ENSG00000004059	32.76046767358926	37.47462313177316	29.764909194637596
ENSG00000004139	20.300834486615784	28.977060116616922	50.72210539676729
ENSG00000004399	30.941635870470364	36.02252767942254	33.03583645010709
ENSG00000004455	22.269422729124948	45.54187638114698	32.188700889728075
ENSG00000004468	17.48991055107616	31.934777570957607	50.575311877966236
ENSG00000004478	24.289038060155935	36.782789038505946	38.92817290133812
ENSG00000004487	27.281614022841634	36.28964733164119	36.42873864551717
ENSG00000004534	44.10421611681973	41.66329742281365	14.232486460366633
ENSG00000004660	13.79823159239919	39.696490894384446	46.50527751321637
ENSG00000004700	28.559904261672074	40.31051511693289	31.129580621395043
ENSG00000004766	26.17512181140728	38.74961381410222	35.0752643744905
ENSG00000004776	23.780930359797736	13.825836411340584	62.39323322886169
ENSG00000004777	31.303978495122365	39.404757884282404	29.291263620595238
ENSG00000004779	23.910252199972433	30.10591786617657	45.98382993385099
ENSG00000004799	53.24839050960546	36.5873397910301	10.164269699364441
ENSG00000004809	36.70687648998332	36.42502898431796	26.868094525698726
ENSG00000004838	29.3460287294021	24.608608672707458	46.04536259789043
ENSG00000004846			
ENSG00000004848	24.75743638298378	26.04522273122763	49.19734088578859
ENSG00000004864	33.0413014300359	38.91691256874222	28.041786001221887
ENSG00000004866	31.476775879087015	37.255845836895915	31.267378284017077
ENSG00000004897	29.50642814152356	34.51815050384205	35.975421354634385
ENSG00000004939	60.65655001381939	0.0	39.3434499861806
ENSG00000004948	0.0	0.0	100.0
ENSG00000004961	25.82660468744427	33.52322714352741	40.650168169028326
ENSG00000004975	39.70587887323156	32.44428292124481	27.849838205523618
ENSG00000005001			
ENSG00000005007	23.58366784992767	33.407415232837906	43.00891691723442
ENSG00000005020	29.9450241790397	45.573957359432136	24.48101846152818
ENSG00000005022	33.75436416614895	32.21603785817186	34.02959797567918
ENSG00000005059	17.63969108872769	45.88271837505216	36.47759053622016
ENSG00000005073			
ENSG00000005075	17.70404677246919	30.83846671186005	51.45748651567076
ENSG00000005100	23.265581417788514	32.15832186617949	44.576096716032
ENSG00000005102	29.568777303207533	26.67052295563126	43.76069974116121
ENSG00000005108	14.88308721461424	35.36775142176543	49.74916136362032
ENSG00000005156	31.97322685810032	34.539241015590314	33.487532126309354
ENSG00000005175	29.468506604803935	30.493631366640354	40.03786202855571
ENSG00000005187	42.2595211028534	28.613695001939437	29.126783895207154
ENSG00000005189	29.579948983689103	46.57267803579364	23.847372980517257
ENSG00000005194	33.13051161022484	33.5440512582481	33.32543713152706
ENSG00000005206	22.981122215590844	25.167225750312255	51.85165203409691
ENSG00000005238	35.90940887811851	32.874360120398634	31.216231001482864
ENSG00000005243	39.24750894484888	20.251934494802427	40.5005565603487
ENSG00000005249	24.23121056610514	42.13604062990756	33.63274880398729
ENSG00000005302	29.99102366671308	43.00443214289339	27.004544190393514
ENSG00000005339	25.994428157848233	33.453672363564294	40.55189947858748
ENSG00000005379	26.020479211480225	37.22531369230997	36.754207096209804
ENSG00000005381	33.141041663807336	62.0374079564645	4.8215503797281745
ENSG00000005421	56.24895045764986	0.0	43.751049542350145
ENSG00000005436	56.59003234064165	29.581690901280012	13.828276758078333
ENSG00000005448	26.657329563120275	37.76901083145446	35.57365960542527
ENSG00000005469	31.80848067619022	41.7291334516199	26.46238587218987
ENSG00000005471	43.93811718266154	32.01925943172213	24.042623385616327
ENSG00000005483	26.148497935932184	34.847764362665885	39.00373770140193
ENSG00000005486	39.24415958540599	35.00931718210615	25.74652323248786
ENSG00000005513	39.05023217286444	34.546424142984286	26.40334368415127
ENSG00000005700	32.84940392279735	37.8523320146926	29.29826406251006
ENSG00000005810	21.099992467227345	34.35062002862453	44.549387504148115
ENSG00000005812	25.207071769443264	31.507884210543928	43.285044020012805
ENSG00000005844	9.708937895919446	73.61318255122427	16.677879552856282
ENSG00000005882	29.936651313926276	31.481763031197364	38.58158565487636
ENSG00000005884	32.69673784599959	38.02293029187597	29.280331862124438
ENSG00000005889	27.03803436691336	31.752318455723405	41.20964717736323
ENSG00000005893	42.90388108429148	34.89497953152983	22.201139384178703
ENSG00000005955	32.525876531367786	34.74860720301725	32.72551626561496
ENSG00000005961	35.07289760959075	50.93570036489	13.991402025519253
ENSG00000005981	72.75752059104245	27.242479408957543	0.0
ENSG00000006007	30.123313400477826	36.43937458847732	33.43731201104487
ENSG00000006015	39.80378938149215	35.224350802286935	24.971859816220903
ENSG00000006016	51.449516931455186	42.05738723012407	6.493095838420744
ENSG00000006025	30.688371865614723	33.86477630472187	35.44685182966341
ENSG00000006042	46.197723271056724	38.94818855279747	14.854088176145813
ENSG00000006047	80.48951811407468	19.51048188592532	0.0
ENSG00000006059	0.0	100.0	0.0
ENSG00000006062	20.68836390098487	30.040507030350444	49.271129068664685
ENSG00000006071	30.054424261496315	20.788503254632058	49.15707248387162
ENSG00000006074			
ENSG00000006075	38.10563800183014	33.800370989437994	28.093991008731862
ENSG00000006114	26.094954796000124	31.72142422897207	42.183620975027814
ENSG00000006116	32.114941162330354	34.9248196540835	32.96023918358616
ENSG00000006118	40.62923613239748	30.025342761103698	29.345421106498826
ENSG00000006125	25.592115993037446	38.612326901077296	35.795557105885266
ENSG00000006128	20.688876960148274	21.139433005957464	58.17169003389425
ENSG00000006194	32.9610458012093	30.637208277398138	36.40174592139255
ENSG00000006210	46.04309663148699	53.95690336851301	0.0
ENSG00000006282	44.0362591188951	40.00608139607618	15.957659485028715
ENSG00000006283	18.95395494621638	31.654711549251047	49.391333504532575
ENSG00000006327	29.512579334084872	53.046653942781234	17.4407667231339
ENSG00000006377	23.76457325288986	31.45754272646472	44.777884020645416
ENSG00000006432	17.413996614306974	27.54632479086449	55.03967859482854
ENSG00000006451	32.43932657463712	34.320867536645714	33.239805888717164
ENSG00000006453	51.16459935696054	21.726549714371092	27.108850928668364
ENSG00000006459	20.34506904680638	27.41375137063654	52.24117958255709
ENSG00000006468	36.046623818449525	22.918469457663512	41.03490672388696
ENSG00000006530	22.41566246666962	43.87694540633389	33.707392126996474
ENSG00000006555	3.072713919158583	8.206516161028416	88.72076991981301
ENSG00000006576	27.513624267671528	42.0231848353704	30.46319089695807
ENSG00000006606	0.0	54.82841497341268	45.171585026587316
ENSG00000006607	34.613997754735955	30.48306119545129	34.90294104981275
ENSG00000006611	46.61451445436134	34.5523870056431	18.833098539995564
ENSG00000006625	38.40009680814657	26.346836281987752	35.25306690986568
ENSG00000006634	18.816733736991402	31.60848506192692	49.574781201081684
ENSG00000006638	100.0	0.0	0.0
ENSG00000006652	34.24624634680516	36.66784165430208	29.085911998892765
ENSG00000006695	18.540734735419605	33.483049807543345	47.97621545703705
ENSG00000006704	33.87580345556098	29.56068401761548	36.56351252682354
ENSG00000006712	41.3417789367982	29.615650116630626	29.04257094657117
ENSG00000006715	22.55367653398253	50.849673157352946	26.596650308664525
ENSG00000006740	22.594492173779777	30.65914855129182	46.746359274928395
ENSG00000006744	46.98557807285777	24.680854909854478	28.333567017287738
ENSG00000006747	10.196594115433792	3.5098411074568583	86.29356477710935
ENSG00000006757	73.32083336620612	18.58436176740206	8.094804866391808
ENSG00000006788	17.264746427650007	11.535148775011983	71.200104797338
ENSG00000006831	40.66630130600082	39.631609612701844	19.70208908129733
ENSG00000006837	45.92229062506305	35.93381994934759	18.143889425589375
ENSG00000007001	95.24147501169837	4.758524988301622	0.0
ENSG00000007038	0.0	8.819122719999765	91.18087728000025
ENSG00000007047	30.772549260964343	36.74086672698082	32.486584012054834
ENSG00000007062	31.96118848500519	30.075798564170487	37.963012950824314
ENSG00000007080	39.72050818515477	35.36738167190155	24.912110142943682
ENSG00000007168	19.690266700323228	39.50612256472263	40.803610734954155
ENSG00000007171	72.4677847868803	26.275851865565773	1.2563633475539306
ENSG00000007174	29.38612457618135	16.048522034510377	54.56535338930826
ENSG00000007202	27.925355318953578	34.235522713587855	37.83912196745856
ENSG00000007216	15.072573630895683	84.92742636910431	0.0
ENSG00000007237	20.876475792245948	37.59561872054772	41.52790548720634
ENSG00000007255	100.0	0.0	0.0
ENSG00000007264	45.100624033440354	23.185774562274936	31.713601404284713
ENSG00000007312	46.26405338719339	35.15909331730217	18.576853295504428
ENSG00000007314	43.41002083830776	34.51430643889239	22.075672722799858
ENSG00000007341	27.37860642073825	30.687231050415235	41.93416252884652
ENSG00000007350	0.0	0.0	100.0
ENSG00000007372	32.64993523979221	16.73739915526471	50.612665604943075
ENSG00000007376	23.600567757795694	30.309872839813284	46.089559402391025
ENSG00000007384	36.412251826351216	30.991972349290837	32.595775824357965
ENSG00000007392	40.43934506553427	34.837061717676185	24.72359321678954
ENSG00000007402	21.066846701107135	31.650398559576555	47.28275473931631
ENSG00000007516	67.3472657896913	15.664045237744158	16.988688972564525
ENSG00000007520	45.16549909482613	28.779078217392012	26.055422687781864
ENSG00000007541	38.89943158225286	37.22653956149317	23.87402885625396
ENSG00000007545	22.445371834826684	34.99399720836167	42.56063095681165
ENSG00000007866	46.05507287745527	38.81282000963375	15.132107112910994
ENSG00000007908	4.440998478234529	88.684302929573	6.874698592192487
ENSG00000007923	28.09138499370969	36.63997657311654	35.26863843317377
ENSG00000007933	29.7340799430841	4.262903744665227	66.00301631225067
ENSG00000007944	35.03815107327123	29.89980125253558	35.0620476741932
ENSG00000007952	17.230368232064286	69.36765281876457	13.40197894917115
ENSG00000007968			
ENSG00000008018	33.62037100229432	32.35386309188733	34.02576590581836
ENSG00000008056	31.026242454953195	29.631128649365618	39.342628895681194
ENSG00000008083	26.577609544135626	31.10327855525054	42.319111900613834
ENSG00000008086	20.18406588925364	35.424001328059376	44.39193278268699
ENSG00000008118	24.67713610630067	45.51101263145062	29.811851262248705
ENSG00000008128	26.893352941820574	27.46564843242319	45.64099862575623
ENSG00000008130	22.359217784926397	25.49245384698106	52.14832836809254
ENSG00000008196	0.0	0.0	100.0
ENSG00000008197			
ENSG00000008226	13.800539255443924	70.0355173588198	16.163943385736275
ENSG00000008256	32.16901534522858	32.052560026200176	35.77842462857124
ENSG00000008277	18.19933164434978	29.359963724193385	52.44070463145684
ENSG00000008282	41.73276242333313	30.5570197875556	27.710217789111258
ENSG00000008283	35.92098975296423	35.902447614945	28.176562632090764
ENSG00000008294	31.97067386610946	30.46894639377422	37.56037974011631
ENSG00000008300	20.913607558841246	39.13248082786187	39.953911613296896
ENSG00000008311	49.360991052210636	31.720608364659824	18.918400583129543
ENSG00000008323			
ENSG00000008324	29.181168608295827	21.48351543851979	49.335315953184384
ENSG00000008382	32.89804498221756	41.59647008785314	25.505484929929295
ENSG00000008394	76.76489088962009	4.208006339691506	19.027102770688387
ENSG00000008405	26.14164956368869	32.53692754733651	41.321422888974794
ENSG00000008441	28.11065615921712	27.760045720583992	44.12929812019888
ENSG00000008513	21.192371534276525	31.360691183818147	47.446937281905335
ENSG00000008516	59.20880034194105	31.983811474884337	8.807388183174623
ENSG00000008710	35.40793016554647	38.96203351166823	25.630036322785305
ENSG00000008735	26.035726354400246	34.430857984643374	39.53341566095638
ENSG00000008838	25.39419811449315	39.21402177100827	35.39178011449858
ENSG00000008853	30.486363615738544	30.21669781170499	39.29693857255647
ENSG00000008869	29.42809552493837	26.469589177617685	44.10231529744395
ENSG00000008952	39.30893774422124	31.398894448219	29.292167807559753
ENSG00000008988	50.435447634014274	42.0955073692515	7.469044996734206
ENSG00000009307	28.724530361230936	35.765848040800634	35.509621597968426
ENSG00000009335	25.54638795122628	35.67545216131733	38.77815988745639
ENSG00000009413	31.787766367829295	42.63246452890601	25.57976910326468
ENSG00000009694	28.187785905151536	28.855531748440242	42.95668234640823
ENSG00000009709	29.309967623129108	70.69003237687089	0.0
ENSG00000009724	23.368339159566133	35.77874256111058	40.85291827932328
ENSG00000009765			
ENSG00000009780	31.366508361836985	31.480111832139734	37.15337980602328
ENSG00000009790	20.99779703177618	46.842693344696045	32.159509623527754
ENSG00000009830	35.80831501916496	28.33806794639335	35.8536170344417
ENSG00000009844	24.360556454508007	38.09186487807433	37.54757866741765
ENSG00000009950	48.76818647242588	50.17085885434279	1.0609546732313189
ENSG00000009954	24.88173043095676	39.08220394142576	36.03606562761747
ENSG00000010017	31.25454664347706	36.826049165119414	31.919404191403544
ENSG00000010072	32.70009109166051	30.439990794159634	36.85991811417985
ENSG00000010165	38.392525321589545	30.136141783240376	31.471332895170068
ENSG00000010219	46.949654012983174	44.59664090649895	8.45370508051788
ENSG00000010244	30.640443019551505	36.21463029382961	33.144926686618895
ENSG00000010256	29.37229640774873	33.146410435530235	37.48129315672104
ENSG00000010270	29.99980434049421	38.48436689257696	31.515828766928827
ENSG00000010278	48.21068057625584	35.866899811326704	15.922419612417462
ENSG00000010292	26.408867155608544	51.30070238967891	22.29043045471254
ENSG00000010295	27.47158865004354	29.71499956368257	42.813411786273896
ENSG00000010318	32.35502124784805	11.623889705023284	56.02108904712867
ENSG00000010319	43.97940111038976	34.661770676724984	21.35882821288526
ENSG00000010322	27.00659408196064	29.74674221706588	43.24666370097348
ENSG00000010327	15.018093347078704	51.595622764999206	33.38628388792209
ENSG00000010361	37.02960652494296	32.10056931742474	30.869824157632287
ENSG00000010379	46.77457444375897	29.721725089155544	23.503700467085483
ENSG00000010404	26.039092679285147	39.01363960477258	34.94726771594227
ENSG00000010610	26.661340503505233	44.97757903936677	28.361080457127997
ENSG00000010626	35.80892776574091	61.14535020633608	3.045722027923014
ENSG00000010671	32.197220635376446	63.6425608922517	4.160218472371865
ENSG00000010704	12.849064822312368	9.543330005279005	77.60760517240863
ENSG00000010803	35.22635999548223	34.71984422648477	30.05379577803302
ENSG00000010810	35.26179845580841	32.53258149263119	32.20562005156041
ENSG00000010818	22.10231525795825	32.21769329886251	45.679991443179254
ENSG00000010932	0.0	57.092443393828106	42.90755660617189
ENSG00000011007	25.544579875702844	35.51988323037147	38.93553689392569
ENSG00000011009	19.903665708789823	29.213084804909784	50.8832494863004
ENSG00000011021	27.66517185312225	35.3623083937821	36.97251975309565
ENSG00000011028	24.858314924546082	20.377887242683904	54.76379783277001
ENSG00000011052	42.729135295900285	20.572223616414192	36.698641087685516
ENSG00000011083	33.12915641007791	33.4484905026577	33.42235308726438
ENSG00000011105	19.652074702945054	21.58547652011199	58.76244877694295
ENSG00000011114	31.004971310504565	33.599583037226154	35.395445652269274
ENSG00000011132	28.429898747445677	44.84511195811534	26.724989294439
ENSG00000011143	18.60896493390987	39.786839532884585	41.60419553320555
ENSG00000011198	30.584602377684035	40.62544640585426	28.789951216461706
ENSG00000011243	30.175895831366578	33.36322809478213	36.4608760738513
ENSG00000011258	21.152553694606148	32.45011482370509	46.39733148168876
ENSG00000011260	44.39914874691496	10.79996444505094	44.80088680803411
ENSG00000011275	26.895650197431	41.257888977501025	31.846460825067986
ENSG00000011304	37.22000262869107	39.64379262495591	23.136204746353016
ENSG00000011332	26.6519064210732	46.6148610378476	26.733232541079214
ENSG00000011347	24.384616191989988	33.13529972109821	42.480084086911795
ENSG00000011376	36.90883715524675	37.90067121812392	25.190491626629324
ENSG00000011405	35.07274426182681	33.71160328135316	31.21565245682001
ENSG00000011422	37.1434862273544	38.395891046120425	24.460622726525173
ENSG00000011426	49.947243031915185	35.674011917521426	14.37874505056339
ENSG00000011451	36.37353876035957	32.63940742718978	30.98705381245064
ENSG00000011454	28.383694639258895	35.356628371412	36.2596769893291
ENSG00000011465	31.516062360993402	43.282879022293216	25.20105861671338
ENSG00000011478	50.47963479449133	23.671943776606692	25.848421428901958
ENSG00000011485	28.53835688751557	38.342379724180674	33.11926338830376
ENSG00000011523	25.374082293291334	42.42524447430216	32.200673232406515
ENSG00000011566	23.6410441662838	34.38648976304127	41.97246607067494
ENSG00000011590	3.195528035785391	20.33048572819424	76.47398623602038
ENSG00000011600	21.162762302795787	69.60362265393422	9.233615043269982
ENSG00000011638	53.60769014642185	28.265970019717557	18.126339833860605
ENSG00000011677	30.841166058880198	43.74799034768357	25.41084359343624
ENSG00000012048	25.951309369017206	21.558031459309486	52.490659171673315
ENSG00000012061	26.485708932162822	57.20518288574793	16.30910818208925
ENSG00000012124	70.92051897445552	19.787482427534936	9.291998598009537
ENSG00000012171	64.18969391793807	24.93657506473633	10.873731017325595
ENSG00000012174	24.359666909153972	41.30205861321329	34.338274477632744
ENSG00000012211	42.55770967462145	45.72981414928547	11.712476176093089
ENSG00000012223	78.39976776273055	8.136204434517877	13.464027802751572
ENSG00000012232	23.976158704071526	35.64144781958191	40.38239347634658
ENSG00000012504	69.56027261013264	30.439727389867354	0.0
ENSG00000012660	41.838631558301465	36.24541330332527	21.915955138373267
ENSG00000012779	25.871372661440944	51.763298691226325	22.36532864733273
ENSG00000012822	26.231105056497128	46.70588531083858	27.063009632664276
ENSG00000012963	25.043274464718234	39.61014449695962	35.346581038322135
ENSG00000012983	40.26370960360906	33.173660326617735	26.562630069773206
ENSG00000013016	23.10389374528098	37.416569432558	39.47953682216102
ENSG00000013275	29.167722672875712	33.42739964125766	37.40487768586663
ENSG00000013288	43.1268405578744	24.92625633622742	31.946903105898176
ENSG00000013293	26.104231915923947	38.83037904575401	35.065389038322046
ENSG00000013297	43.40912521165962	36.68800848167152	19.902866306668855
ENSG00000013306	39.76803918833121	40.535792216627236	19.696168595041552
ENSG00000013364	35.1067271454786	25.543555533978612	39.34971732054278
ENSG00000013374	26.508507313670705	33.86767209274376	39.623820593585535
ENSG00000013375	31.626086773586294	35.48612392803478	32.887789298378934
ENSG00000013392	38.863467558129614	26.107319534173246	35.02921290769715
ENSG00000013441	36.3536603261043	28.310753955792105	35.3355857181036
ENSG00000013503	18.893521994322413	31.57822846680428	49.5282495388733
ENSG00000013523	29.373715925161996	38.79038630644358	31.835897768394428
ENSG00000013561	30.786260562110186	38.46119931087797	30.75254012701185
ENSG00000013563	70.68649326919376	20.542168755371595	8.771337975434644
ENSG00000013583	32.79249492518036	34.4440649549646	32.76344011985505
ENSG00000013588	14.638888344784995	74.86016717614235	10.500944479072647
ENSG00000013619	19.22123214843478	36.298600028153366	44.480167823411854
ENSG00000013725	59.91008315568441	10.540215736482148	29.549701107833453
ENSG00000013810	80.44333185072361	10.195877703016395	9.360790446259994
ENSG00000014123	37.360126423167834	34.209254552126175	28.43061902470599
ENSG00000014138	35.32272189576248	41.899500351667236	22.777777752570284
ENSG00000014164	28.206680790468262	35.67256484023902	36.12075436929272
ENSG00000014216	27.147949516591297	34.25638331478165	38.59566716862705
ENSG00000014257	35.11401811308963	42.89036943330989	21.995612453600483
ENSG00000014641	31.359578485702848	36.28474249016855	32.3556790241286
ENSG00000014824	25.5104147573095	40.07629389576447	34.41329134692603
ENSG00000014914	44.08507011908686	39.96007073395082	15.954859146962328
ENSG00000014919	27.959835123108363	40.305483025935736	31.734681850955898
ENSG00000015133	27.41441966864145	14.510678335822192	58.074901995536344
ENSG00000015153	25.250103193525455	34.5389091773442	40.21098762913035
ENSG00000015171	24.48782625571517	33.86566396627888	41.64650977800595
ENSG00000015413	0.0	100.0	0.0
ENSG00000015475	58.35531835418407	33.47379363183862	8.170888013977319
ENSG00000015479	36.45167062323594	46.61438333178039	16.933946044983678
ENSG00000015520	9.472666394717697	0.0	90.5273336052823
ENSG00000015532	26.002405812313643	30.939452252816313	43.05814193487005
ENSG00000015592	33.96080877241401	37.19733633518993	28.84185489239604
ENSG00000015676	21.52979472709348	38.379057123430165	40.09114814947637
ENSG00000016082			
ENSG00000016391	46.582706570560475	25.25442043142892	28.162872998010613
ENSG00000016402	33.81159291581738	19.29175502400359	46.89665206017902
ENSG00000016490	0.0	1.2587340606044575	98.74126593939553
ENSG00000016602	68.10853175824498	30.82754835103757	1.0639198907174514
ENSG00000016864	34.87279615574547	37.82125275319424	27.305951091060297
ENSG00000017260	35.60043841349657	39.13947299584718	25.260088590656256
ENSG00000017373	26.304400312580167	34.240715064875246	39.45488462254458
ENSG00000017427	4.151349442098297	25.783807058956327	70.06484349894538
ENSG00000017483	40.13422280407594	35.77801237372713	24.08776482219694
ENSG00000017621	25.659640243493342	24.13771971428828	50.20264004221837
ENSG00000017797	29.295042656383835	35.63409665909092	35.070860684525236
ENSG00000018189	29.014062070101588	40.00190315052045	30.98403477937797
ENSG00000018236	20.395683823958834	38.125929692089414	41.47838648395176
ENSG00000018280	30.817635784159634	46.85788502776828	22.324479188072075
ENSG00000018408	39.657500373794804	33.35038752366486	26.992112102540332
ENSG00000018510	31.21685027516942	35.16793726310269	33.61521246172789
ENSG00000018610	52.68195966970958	7.441034426027788	39.87700590426265
ENSG00000018625	33.83335888795098	22.808602233858277	43.358038878190754
ENSG00000018699	25.686576926213085	33.39149865632205	40.921924417464865
ENSG00000018869	5.00906811951855	82.41736782880172	12.573564051679739
ENSG00000019102	47.89672577498988	43.950395998474114	8.152878226536009
ENSG00000019144	48.0872514051889	25.995408588181874	25.917340006629217
ENSG00000019169	11.431961342033931	86.21633252230366	2.351706135662414
ENSG00000019186	72.16382442517425	27.836175574825738	0.0
ENSG00000019485	20.919365483065505	30.99897389207868	48.081660624855814
ENSG00000019505	16.523178079055118	38.61349304050416	44.863328880440726
ENSG00000019549	30.452810707673923	12.795072775648286	56.75211651667779
ENSG00000019582	27.409814190583358	57.25649524752786	15.333690561888764
ENSG00000019991	49.786858245040186	39.94651552272245	10.266626232237357
ENSG00000019995	29.929558379715466	37.92768651071496	32.14275510956957
ENSG00000020129	21.054278466530164	40.16703063242222	38.77869090104762
ENSG00000020181	35.171237257596104	29.92795852655224	34.900804215851664
ENSG00000020256	30.456452743257937	37.489894030383496	32.05365322635856
ENSG00000020426	36.578401787884744	36.096676903465955	27.32492130864931
ENSG00000020577	35.95640500973531	40.682150357666416	23.361444632598268
ENSG00000020633	86.33038160489784	13.669618395102171	0.0
ENSG00000020922	31.2029553958396	42.88136141500251	25.9156831891579
ENSG00000021300	57.97417448185237	25.522743445522156	16.503082072625467
ENSG00000021355	16.36944074158291	45.31581534220493	38.314743916212166
ENSG00000021461	19.035551476375645	80.96444852362436	0.0
ENSG00000021488	25.50838190040402	15.110431326640366	59.381186772955616
ENSG00000021574	25.29404006199047	32.573240647389405	42.13271929062012
ENSG00000021645	23.608383259857128	36.654847787010155	39.73676895313272
ENSG00000021762	33.0773535367814	29.71857784775092	37.204068615467676
ENSG00000021776	19.116979709757207	28.68741612405795	52.19560416618485
ENSG00000021826	70.46381271605277	25.561309532957782	3.9748777509894597
ENSG00000021852	49.58563865916219	0.0	50.41436134083781
ENSG00000022267	27.10208589851669	35.63973933174905	37.25817476973426
ENSG00000022277	39.05371615356022	35.29083094443446	25.655452902005315
ENSG00000022355	21.158330569847415	35.40783555004535	43.433833880107244
ENSG00000022556	92.04195842738898	0.0	7.958041572611016
ENSG00000022567	23.47583626245113	31.49571693402991	45.02844680351896
ENSG00000022840	32.39955030032622	38.396415184011786	29.204034515662
ENSG00000022976	55.716213100109016	30.331585023277434	13.952201876613572
ENSG00000023041	30.994965958671187	30.643416369721223	38.361617671607604
ENSG00000023171	17.942558104719197	32.87695443851562	49.180487456765185
ENSG00000023191	39.00145733999765	34.231374020669826	26.76716863933252
ENSG00000023228	26.017102736095833	36.78909095053827	37.19380631336589
ENSG00000023287	24.806156480770234	34.68687490197435	40.506968617255424
ENSG00000023318	37.385780523091015	40.21937355114444	22.394845925764546
ENSG00000023330	30.533136705855085	37.41890852465314	32.04795476949177
ENSG00000023445	5.298128795105779	87.61838685613029	7.083484348763934
ENSG00000023572	37.016149685472215	33.0103440223409	29.97350629218688
ENSG00000023608	21.23837409580649	28.43084377035503	50.33078213383849
ENSG00000023697	52.00107710329084	35.92646186649663	12.07246103021253
ENSG00000023734	40.76259689343366	44.19641451962173	15.040988586944614
ENSG00000023892	38.68973158461601	41.50372665777928	19.806541757604702
ENSG00000023902	34.96863584724459	33.252268207379984	31.77909594537543
ENSG00000023909	37.04295863156045	37.7158813462897	25.24116002214986
ENSG00000024048	28.89641695508798	32.82891298621353	38.27467005869849
ENSG00000024422	29.38213033402168	28.238044313399076	42.379825352579246
ENSG00000024526	14.70119159583341	74.06474958446458	11.234058819702
ENSG00000024862	30.50658538584456	42.597404235018516	26.896010379136932
ENSG00000025039	26.030122264910638	32.959880351681406	41.00999738340794
ENSG00000025156	31.13379018986564	33.810708854920776	35.055500955213574
ENSG00000025293	27.254955059390134	33.770991220279036	38.974053720330836
ENSG00000025423	32.23603439924595	5.167452197459106	62.59651340329494
ENSG00000025434	57.43687466844435	36.5814292042495	5.981696127306155
ENSG00000025708	26.691319122879044	69.48329152898242	3.8253893481385375
ENSG00000025770	26.569948872870764	37.14861696390669	36.28143416322255
ENSG00000025772	28.44916989764194	42.038775506323454	29.512054596034602
ENSG00000025796	33.2916045118248	32.91578951435558	33.792605973819626
ENSG00000025800	18.162571729804906	26.33474129894961	55.502686971245495
ENSG00000026025	41.76327988797386	31.155255004406314	27.081465107619827
ENSG00000026036	25.898949006444777	47.09743823900072	27.003612754554496
ENSG00000026103	30.115338614728195	57.17766107038387	12.707000314887942
ENSG00000026297	41.54965990026253	36.77689551432626	21.6734445854112
ENSG00000026508	20.561275533467395	64.86188502528437	14.576839441248246
ENSG00000026652	54.78730173306929	23.757957661154816	21.4547406057759
ENSG00000026751	44.874731060830456	55.12526893916952	0.0
ENSG00000027001	17.525342411120736	18.283192462248486	64.19146512663079
ENSG00000027075	49.59017440103782	33.34404304042284	17.06578255853933
ENSG00000027644	40.752644282902835	41.343993819616024	17.90336189748113
ENSG00000027697	28.561561585958838	45.60178967642924	25.836648737611924
ENSG00000027847	28.52185550541586	36.11956398642694	35.3585805081572
ENSG00000027869	44.79967374031417	44.56960441013093	10.630721849554908
ENSG00000028116	45.62842863094372	36.610819233916544	17.760752135139732
ENSG00000028137	23.66795238369983	56.87165782145055	19.46038979484963
ENSG00000028203	37.54210740450465	36.71511425712964	25.742778338365717
ENSG00000028277	28.014300989813318	51.96235306436085	20.02334594582584
ENSG00000028310	28.01670834210168	27.08869749823602	44.8945941596623
ENSG00000028528	31.029865423473257	36.35161306255556	32.618521513971196
ENSG00000028839	34.49883244369905	49.12084994258083	16.380317613720113
ENSG00000029153	22.912624694757778	36.586967993026214	40.500407312216005
ENSG00000029363	23.7644131916291	38.44121819628364	37.79436861208725
ENSG00000029364	22.413383120482177	39.31922680638538	38.26739007313243
ENSG00000029534	14.253710810021419	25.4562483799851	60.29004080999347
ENSG00000029559	0.0	39.54979943800386	60.45020056199615
ENSG00000029639	29.93698024255363	28.576594514168306	41.48642524327808
ENSG00000029725	26.158087456413732	35.42195840733476	38.4199541362515
ENSG00000029993	35.74590023140241	44.25805544833488	19.99604432026271
ENSG00000030066	26.50576169160891	38.350704502795644	35.14353380559545
ENSG00000030304	22.788996968793338	12.646014288515481	64.56498874269117
ENSG00000030419	20.22312527171402	51.21704750495727	28.559827223328703
ENSG00000030582	34.63602720616433	33.661837562130806	31.702135231704876
ENSG00000031003	24.685469296765376	44.82177250319728	30.492758200037358
ENSG00000031081	37.667893689834806	32.29395225116895	30.03815405899625
ENSG00000031691	84.49846839422295	0.0	15.501531605777036
ENSG00000031698	25.815722885270688	32.71521730066445	41.46905981406486
ENSG00000031823	34.3950971535697	33.4179966466942	32.18690619973611
ENSG00000032219	28.964078418878657	30.477400560145405	40.55852102097594
ENSG00000032389	25.44376601103386	39.414908372826275	35.14132561613986
ENSG00000032444	31.757925504396095	43.56274021164058	24.67933428396332
ENSG00000032742	28.08704386452394	39.81887960628205	32.09407652919399
ENSG00000033011	30.65968212353618	44.15228186032032	25.188036016143496
ENSG00000033030	29.200728251899438	32.556526970117964	38.2427447779826
ENSG00000033050	33.146693178447094	31.980008851414176	34.873297970138736
ENSG00000033100	31.172642853483236	33.46041274638261	35.36694440013416
ENSG00000033122	24.148719427426265	31.181363390246407	44.66991718232733
ENSG00000033170	43.688256501053615	27.322914776724218	28.988828722222166
ENSG00000033178	35.952987632102726	35.826767208423895	28.22024515947338
ENSG00000033327	49.13639301065088	31.673729614092526	19.189877375256593
ENSG00000033627	25.04207360329144	32.503409412680504	42.45451698402805
ENSG00000033800	22.04363881704986	38.542561053685645	39.41380012926451
ENSG00000033867	26.650861924358356	45.202703813289986	28.146434262351665
ENSG00000034053	26.071441729824386	32.873728628056114	41.05482964211951
ENSG00000034063	30.0330750090896	40.73388076280583	29.23304422810456
ENSG00000034152	33.66820995312943	39.39163927165918	26.940150775211393
ENSG00000034239	7.227688930939339	32.91307400253894	59.85923706652172
ENSG00000034510	47.07099701580058	36.297445416484585	16.631557567714815
ENSG00000034533	45.11074096917277	33.87111975049205	21.018139280335188
ENSG00000034677	24.45436078995847	36.14261632603823	39.403022884003306
ENSG00000034693	26.918763580762967	23.518377292498894	49.56285912673814
ENSG00000034713	32.77975799980719	36.74421636817101	30.476025632021802
ENSG00000034971	0.4968645133976273	1.8656970402504458	97.63743844635194
ENSG00000035115	60.681632653861875	34.95269681324093	4.365670532897188
ENSG00000035141	39.327695827916486	48.96210635928846	11.710197812795046
ENSG00000035403	26.77185422806645	35.93965803889701	37.288487733036554
ENSG00000035499	48.779463683358244	41.17585619836437	10.044680118277386
ENSG00000035664	43.324743485142356	40.44423943997935	16.231017074878277
ENSG00000035681	25.144838182772887	20.80114622933187	54.05401558789524
ENSG00000035687	41.22616557641243	36.86282372932333	21.911010694264245
ENSG00000035720	0.0	59.72009716010987	40.27990283989012
ENSG00000035862	40.5507746533854	36.265746997640576	23.183478348974024
ENSG00000035928	26.806837738764255	30.28375976188699	42.90940249934876
ENSG00000036054	24.27918310919546	33.510980790188384	42.20983610061616
ENSG00000036257	27.218256925465727	30.86615151435474	41.91559156017953
ENSG00000036448	20.661337803711262	61.57620132424802	17.762460872040712
ENSG00000036473	78.64966327662525	0.0	21.35033672337476
ENSG00000036530	31.474306319029672	39.306315736082745	29.219377944887583
ENSG00000036549	27.205883081938214	39.708683888570526	33.08543302949125
ENSG00000036565	0.0	16.233026898852497	83.7669731011475
ENSG00000036672	26.766493947421523	38.33596207211259	34.89754398046588
ENSG00000036828	13.064808972868077	76.27088833205573	10.664302695076179
ENSG00000037042	46.65948963641012	32.672913732858774	20.66759663073109
ENSG00000037241	21.682135789584276	31.45851760443947	46.85934660597625
ENSG00000037280	25.26112180646598	61.332210059886194	13.406668133647825
ENSG00000037474	30.320381074469033	34.895846913627516	34.783772011903466
ENSG00000037637	42.37121814099302	22.618965208701397	35.00981665030558
ENSG00000037749	17.867994166102243	33.2132552256264	48.91875060827135
ENSG00000037757	42.35589766780028	30.135497401778473	27.50860493042123
ENSG00000037897	41.051099660019794	31.013679671661166	27.93522066831905
ENSG00000037965			
ENSG00000038002	33.70758155232506	30.584655633765003	35.70776281390994
ENSG00000038210	32.36738979558709	40.49730184678427	27.135308357628645
ENSG00000038219	26.596009703892733	32.86655720656029	40.53743308954697
ENSG00000038274	27.682804324350705	36.817331211674386	35.499864463974916
ENSG00000038295	25.91172351904473	27.24851209904119	46.83976438191409
ENSG00000038358	28.545420994047127	30.506293756717024	40.94828524923585
ENSG00000038382	23.835415170634093	39.18817868880881	36.97640614055709
ENSG00000038427	34.62358657310027	27.273034564336147	38.10337886256358
ENSG00000038532	22.437344083458537	37.6672925995918	39.89536331694966
ENSG00000038945	18.96664215092903	68.18283673488543	12.850521114185545
ENSG00000039068	53.38543604549359	23.89483337768852	22.719730576817867
ENSG00000039123	31.57544110134124	33.357205233735066	35.0673536649237
ENSG00000039139	22.610592318889264	25.182002761915427	52.20740491919531
ENSG00000039319	46.62400721255049	29.770914701710133	23.605078085739382
ENSG00000039523	29.054328883362707	43.274547865568344	27.67112325106896
ENSG00000039537	12.685968237682474	29.20666695609332	58.10736480622422
ENSG00000039560	45.59059219058095	30.40297401947733	24.006433789941717
ENSG00000039600	20.29212569523228	79.70787430476773	0.0
ENSG00000039650	31.557615343154104	41.91434339318884	26.52804126365706
ENSG00000039987	14.094408466269373	85.90559153373061	0.0
ENSG00000040199	22.183658562274765	35.90349093190549	41.91285050581974
ENSG00000040275	20.819853183373528	24.66055598110475	54.51959083552171
ENSG00000040341	32.256512894854	33.374774763547144	34.36871234159887
ENSG00000040487	27.924033811039767	48.79452342716844	23.28144276179178
ENSG00000040531	29.381571489553117	36.70564809910859	33.91278041133828
ENSG00000040608	27.043634934319922	33.70010237568257	39.2562626899975
ENSG00000040633	26.511089556209015	34.67047994242562	38.81843050136536
ENSG00000040731	35.175553402834744	43.46879277248017	21.35565382468507
ENSG00000040933	15.312304185479276	27.587639321157692	57.10005649336303
ENSG00000041353	24.604036077434348	34.52715975625138	40.86880416631427
ENSG00000041357	34.81661196299503	33.26308533649242	31.920302700512533
ENSG00000041515	31.11960810430819	21.274241146087704	47.60615074960411
ENSG00000041802	27.100440149069353	27.55212352317646	45.34743632775419
ENSG00000041880	45.898238263768086	42.129037286064644	11.972724450167254
ENSG00000041982	36.771521716358336	28.105959123132767	35.122519160508894
ENSG00000041988	22.112366469491764	38.730093959245984	39.15753957126225
ENSG00000042062	71.72660572574927	20.072339176180826	8.201055098069919
ENSG00000042088	26.962439617617502	38.139714071515996	34.8978463108665
ENSG00000042286	25.859036710936067	54.077793605963286	20.06316968310065
ENSG00000042317	54.61005263995574	29.640148358128908	15.749799001915338
ENSG00000042429	25.719519311287343	35.678098415331156	38.602382273381494
ENSG00000042445	39.05030463981292	23.04909080063398	37.900604559553095
ENSG00000042493	32.84142004339725	51.10356532765503	16.055014628947713
ENSG00000042753	35.36208596844573	39.943893432383454	24.694020599170816
ENSG00000042781	42.33044551208408	31.923675337550712	25.745879150365198
ENSG00000042813	0.0	6.4740300943158875	93.52596990568412
ENSG00000042832	10.454601643385756	21.1377116384475	68.40768671816674
ENSG00000042980	27.558687420795643	56.252602164363765	16.1887104148406
ENSG00000043039	21.26068586772659	25.548231474668707	53.191082657604696
ENSG00000043093	23.590013007842597	32.757407243698495	43.65257974845891
ENSG00000043143	19.92358844911304	29.404408316398317	50.67200323448865
ENSG00000043355	23.214269862935875	16.795955771579866	59.98977436548426
ENSG00000043462	34.72774870319229	49.7002952363315	15.57195606047622
ENSG00000043514	31.049916463730327	40.43344390858038	28.516639627689294
ENSG00000044012			
ENSG00000044090	28.360962606151773	30.34884026548692	41.2901971283613
ENSG00000044115	44.1462806934405	33.24840237828592	22.60531692827358
