site	NoDiv	NoDiv_N	NoDiv_S	Div	Div_N	Div_S	Poly	PolyL_N	PolyH1_N	PolyH2_N	PolyL_S
chr7:103969021	1.000000	0.999995	0.000005	0.000000	0.000000	0.000000	0.000000	0.000000	0.000000	0.000000	0.000000
chr7:103969022	1.000000	0.999995	0.000005	0.000000	0.000000	0.000000	0.000000	0.000000	0.000000	0.000000	0.000000
chr7:103969023	1.000000	0.999995	0.000005	0.000000	0.000000	0.000000	0.000000	0.000000	0.000000	0.000000	0.000000
chr7:103969024	1.000000	0.999995	0.000005	0.000000	0.000000	0.000000	0.000000	0.000000	0.000000	0.000000	0.000000
chr7:103969025	1.000000	0.999995	0.000005	0.000000	0.000000	0.000000	0.000000	0.000000	0.000000	0.000000	0.000000
chrP:0	0.000000	0.000000	0.000000	0.000000	0.000000	0.000000	1.000000	0.000000	1.000000	0.000000	0.000000
